time,speed,travel,x,y,z,grounded,lift,torque,contact,throttle,brake,steering,velocity,water,up,localZ
0.020,11.887,0.238,-628.223,8.809,14.757,4,7.800,0.092,"Ground_80_240:(0.00, 1.00, 0.00)",0.000,0.000,0.000,11.887,0.000,1.000,124.762
0.040,11.898,0.476,-628.219,8.808,14.519,4,8.094,0.057,"Ground_80_320:(0.00, 1.00, 0.00)",0.056,0.000,0.000,11.898,0.000,1.000,124.524
0.060,11.907,0.714,-628.215,8.806,14.281,4,8.382,0.028,"Ground_80_320:(0.00, 1.00, 0.00)",0.051,0.000,0.000,11.907,0.000,1.000,124.286
0.080,11.807,0.950,-628.211,8.803,14.045,4,8.656,0.005,"Ground_80_320:(0.00, 1.00, 0.00)",0.047,0.000,0.001,11.808,0.000,1.000,124.050
0.100,11.829,1.187,-628.207,8.800,13.808,4,8.909,0.013,"Ground_80_320:(0.00, 1.00, 0.00)",0.096,0.000,-0.002,11.829,0.000,1.000,123.813
0.120,11.847,1.424,-628.203,8.797,13.571,4,9.146,0.026,"Ground_80_320:(0.00, 1.00, 0.00)",0.086,0.000,-0.003,11.848,0.000,1.000,123.576
0.140,11.863,1.661,-628.199,8.794,13.334,4,9.361,0.036,"Ground_80_320:(0.00, 1.00, 0.00)",0.076,0.000,0.004,11.864,0.000,1.000,123.339
0.160,11.877,1.899,-628.195,8.790,13.096,4,9.554,0.042,"Ground_80_320:(0.00, 1.00, 0.00)",0.068,0.000,0.005,11.878,0.000,1.000,123.101
0.180,11.889,2.137,-628.192,8.787,12.859,4,9.723,0.046,"Ground_80_320:(0.00, 1.00, 0.00)",0.061,0.000,-0.005,11.890,0.000,1.000,122.863
0.200,11.900,2.375,-628.188,8.784,12.620,4,9.869,0.047,"Ground_80_320:(0.00, 1.00, 0.00)",0.055,0.000,-0.006,11.901,0.000,1.000,122.625
0.220,11.909,2.613,-628.184,8.780,12.382,4,9.991,0.048,"Ground_80_320:(0.00, 1.00, 0.00)",0.050,0.000,0.007,11.910,0.000,1.000,122.387
0.240,11.810,2.849,-628.180,8.777,12.146,4,10.092,0.046,"Ground_80_320:(0.00, 1.00, 0.00)",0.045,0.000,0.007,11.811,0.000,1.000,122.151
0.260,11.831,3.086,-628.176,8.774,11.909,4,10.170,0.044,"Ground_80_320:(0.00, 1.00, 0.00)",0.095,0.000,-0.008,11.832,0.000,1.000,121.914
0.280,11.850,3.323,-628.172,8.771,11.672,4,10.230,0.041,"Ground_80_320:(0.00, 1.00, 0.00)",0.084,0.000,-0.009,11.850,0.000,1.000,121.677
0.300,11.866,3.560,-628.168,8.768,11.435,4,10.271,0.038,"Ground_80_320:(0.00, 1.00, 0.00)",0.075,0.000,0.009,11.866,0.000,1.000,121.440
0.320,11.880,3.798,-628.164,8.766,11.198,4,10.296,0.034,"Ground_80_320:(0.00, 1.00, 0.00)",0.067,0.000,0.009,11.880,0.000,1.000,121.202
0.340,11.892,4.036,-628.160,8.763,10.960,4,10.306,0.031,"Ground_80_320:(0.00, 1.00, 0.00)",0.060,0.000,-0.010,11.892,0.000,1.000,120.964
0.360,11.902,4.274,-628.156,8.761,10.722,4,10.304,0.027,"Ground_80_320:(0.00, 1.00, 0.00)",0.054,0.000,-0.010,11.903,0.000,1.000,120.726
0.380,11.804,4.510,-628.152,8.759,10.486,4,10.291,0.024,"Ground_80_320:(0.00, 1.00, 0.00)",0.049,0.000,0.010,11.805,0.000,1.000,120.490
0.400,11.827,4.747,-628.149,8.757,10.249,4,10.269,0.021,"Ground_80_320:(0.00, 1.00, 0.00)",0.098,0.000,0.010,11.827,0.000,1.000,120.253
0.420,11.846,4.983,-628.145,8.756,10.012,4,10.240,0.017,"Ground_80_320:(0.00, 1.00, 0.00)",0.087,0.000,-0.011,11.846,0.000,1.000,120.017
0.440,11.863,5.221,-628.141,8.754,9.775,4,10.206,0.015,"Ground_80_320:(0.00, 1.00, 0.00)",0.077,0.000,-0.011,11.863,0.000,1.000,119.779
0.460,11.877,5.458,-628.137,8.753,9.537,4,10.168,0.012,"Ground_80_320:(0.00, 1.00, 0.00)",0.069,0.000,0.011,11.877,0.000,1.000,119.542
0.480,11.890,5.696,-628.133,8.752,9.300,4,10.128,0.010,"Ground_80_320:(0.00, 1.00, 0.00)",0.061,0.000,0.011,11.890,0.000,1.000,119.304
0.500,11.901,5.934,-628.129,8.751,9.062,4,10.087,0.008,"Ground_80_320:(0.00, 1.00, 0.00)",0.055,0.000,-0.011,11.901,0.000,1.000,119.066
0.520,11.803,6.170,-628.125,8.750,8.826,4,10.046,0.006,"Ground_80_320:(0.00, 1.00, 0.00)",0.050,0.000,-0.011,11.803,0.000,1.000,118.830
0.540,11.825,6.407,-628.121,8.749,8.589,4,10.005,0.005,"Ground_80_320:(0.00, 1.00, 0.00)",0.099,0.000,0.011,11.825,0.000,1.000,118.593
0.560,11.845,6.644,-628.117,8.748,8.352,4,9.967,0.003,"Ground_80_320:(0.00, 1.00, 0.00)",0.087,0.000,0.011,11.845,0.000,1.000,118.356
0.580,11.862,6.881,-628.113,8.747,8.115,4,9.931,0.002,"Ground_80_320:(0.00, 1.00, 0.00)",0.078,0.000,-0.011,11.862,0.000,1.000,118.119
0.600,11.876,7.118,-628.109,8.747,7.878,4,9.898,0.001,"Ground_80_320:(0.00, 1.00, 0.00)",0.069,0.000,-0.011,11.876,0.000,1.000,117.882
0.620,11.889,7.356,-628.106,8.746,7.640,4,9.868,0.001,"Ground_80_320:(0.00, 1.00, 0.00)",0.062,0.000,0.011,11.889,0.000,1.000,117.644
0.640,11.900,7.594,-628.102,8.745,7.402,4,9.842,0.000,"Ground_80_320:(0.00, 1.00, 0.00)",0.055,0.000,0.011,11.900,0.000,1.000,117.406
0.660,11.909,7.832,-628.098,8.745,7.164,4,9.819,0.001,"Ground_80_320:(0.00, 1.00, 0.00)",0.050,0.000,-0.011,11.909,0.000,1.000,117.168
0.680,11.811,8.069,-628.094,8.744,6.928,4,9.799,0.001,"Ground_80_320:(0.00, 1.00, 0.00)",0.045,0.000,-0.011,11.811,0.000,1.000,116.932
0.700,11.832,8.305,-628.090,8.743,6.691,4,9.784,0.001,"Ground_80_320:(0.00, 1.00, 0.00)",0.095,0.000,0.011,11.832,0.000,1.000,116.695
0.720,11.851,8.542,-628.086,8.742,6.454,4,9.771,0.001,"Ground_80_320:(0.00, 1.00, 0.00)",0.084,0.000,0.011,11.851,0.000,1.000,116.458
0.740,11.867,8.779,-628.082,8.742,6.217,4,9.761,0.001,"Ground_80_320:(0.00, 1.00, 0.00)",0.075,0.000,-0.011,11.867,0.000,1.000,116.221
0.760,11.881,9.017,-628.078,8.741,5.979,4,9.754,0.001,"Ground_80_320:(0.00, 1.00, 0.00)",0.067,0.000,-0.011,11.881,0.000,1.000,115.983
0.780,11.893,9.255,-628.074,8.740,5.741,4,9.750,0.001,"Ground_80_320:(0.00, 1.00, 0.00)",0.060,0.000,0.011,11.893,0.000,1.000,115.745
0.800,11.903,9.493,-628.070,8.739,5.503,4,9.748,0.001,"Ground_80_320:(0.00, 1.00, 0.00)",0.054,0.000,0.011,11.903,0.000,1.000,115.507
0.820,11.805,9.729,-628.066,8.738,5.267,4,9.747,0.001,"Ground_80_320:(0.00, 1.00, 0.00)",0.048,0.000,-0.011,11.805,0.000,1.000,115.271
0.840,11.827,9.966,-628.062,8.738,5.031,4,9.749,0.001,"Ground_80_320:(0.00, 1.00, 0.00)",0.097,0.000,-0.011,11.827,0.000,1.000,115.034
0.860,11.847,10.203,-628.059,8.737,4.794,4,9.752,0.001,"Ground_80_320:(0.00, 1.00, 0.00)",0.086,0.000,0.011,11.847,0.000,1.000,114.797
0.880,11.863,10.440,-628.055,8.736,4.557,4,9.755,0.001,"Ground_80_320:(0.00, 1.00, 0.00)",0.077,0.000,0.011,11.863,0.000,1.000,114.560
0.900,11.878,10.677,-628.051,8.735,4.319,4,9.760,0.001,"Ground_80_320:(0.00, 1.00, 0.00)",0.068,0.000,-0.011,11.878,0.000,1.000,114.323
0.920,11.890,10.915,-628.047,8.734,4.081,4,9.765,0.001,"Ground_80_320:(0.00, 1.00, 0.00)",0.061,0.000,-0.011,11.890,0.000,1.000,114.085
0.940,11.901,11.153,-628.043,8.733,3.843,4,9.770,0.001,"Ground_80_320:(0.00, 1.00, 0.00)",0.055,0.000,0.011,11.901,0.000,1.000,113.847
0.960,11.803,11.389,-628.039,8.732,3.607,4,9.776,0.001,"Ground_80_320:(0.00, 1.00, 0.00)",0.050,0.000,0.011,11.803,0.000,1.000,113.611
0.980,11.826,11.626,-628.035,8.731,3.371,4,9.781,0.001,"Ground_80_320:(0.00, 1.00, 0.00)",0.098,0.000,-0.011,11.826,0.000,1.000,113.374
1.000,11.845,11.863,-628.031,8.730,3.134,4,9.787,0.001,"Ground_80_320:(0.00, 1.00, 0.00)",0.087,0.000,-0.011,11.845,0.000,1.000,113.137
1.020,11.862,12.100,-628.027,8.729,2.897,4,9.792,0.000,"Ground_80_320:(0.00, 1.00, 0.00)",0.077,0.000,0.011,11.862,0.000,1.000,112.900
1.040,11.876,12.337,-628.023,8.728,2.659,4,9.796,0.000,"Ground_80_320:(0.00, 1.00, 0.00)",0.069,0.000,0.011,11.876,0.000,1.000,112.663
1.060,11.889,12.575,-628.019,8.727,2.421,4,9.801,0.000,"Ground_80_320:(0.00, 1.00, 0.00)",0.062,0.000,-0.011,11.889,0.000,1.000,112.425
1.080,11.900,12.813,-628.015,8.726,2.184,4,9.805,0.000,"Ground_80_320:(0.00, 1.00, 0.00)",0.055,0.000,-0.011,11.900,0.000,1.000,112.187
1.100,11.909,13.051,-628.011,8.725,1.945,4,9.808,0.000,"Ground_80_320:(0.00, 1.00, 0.00)",0.050,0.000,0.011,11.909,0.000,1.000,111.949
1.120,11.810,13.288,-628.008,8.724,1.709,4,9.811,0.000,"Ground_80_320:(0.00, 1.00, 0.00)",0.045,0.000,0.011,11.810,0.000,1.000,111.712
1.140,11.832,13.524,-628.004,8.723,1.473,4,9.813,0.000,"Ground_80_320:(0.00, 1.00, 0.00)",0.095,0.000,-0.011,11.832,0.000,1.000,111.476
1.160,11.851,13.761,-628.000,8.722,1.236,4,9.815,0.000,"Ground_80_320:(0.00, 1.00, 0.00)",0.084,0.000,-0.011,11.851,0.000,1.000,111.239
1.180,11.867,13.999,-627.996,8.721,0.998,4,9.817,0.000,"Ground_80_320:(0.00, 1.00, 0.00)",0.075,0.000,0.011,11.867,0.000,1.000,111.001
1.200,11.881,14.236,-627.992,8.720,0.761,4,9.818,0.000,"Ground_80_320:(0.00, 1.00, 0.00)",0.067,0.000,0.011,11.881,0.000,1.000,110.764
1.220,11.893,14.474,-627.988,8.719,0.523,4,9.819,0.000,"Ground_80_320:(0.00, 1.00, 0.00)",0.060,0.000,-0.011,11.893,0.000,1.000,110.526
1.240,11.903,14.712,-627.984,8.718,0.285,4,9.819,0.000,"Ground_80_320:(0.00, 1.00, 0.00)",0.054,0.000,-0.011,11.903,0.000,1.000,110.288
1.260,11.805,14.948,-627.980,8.717,0.049,4,9.819,0.000,"Ground_80_320:(0.00, 1.00, 0.00)",0.048,0.000,0.011,11.805,0.000,1.000,110.052
1.280,11.827,15.185,-627.976,8.716,-0.188,4,9.819,0.000,"Ground_80_320:(0.00, 1.00, 0.00)",0.098,0.000,0.011,11.827,0.000,1.000,109.815
1.300,11.846,15.422,-627.972,8.715,-0.425,4,9.819,0.000,"Ground_80_320:(0.00, 1.00, 0.00)",0.086,0.000,-0.011,11.846,0.000,1.000,109.578
1.320,11.863,15.659,-627.968,8.714,-0.662,4,9.818,0.000,"Ground_80_320:(0.00, 1.00, 0.00)",0.077,0.000,-0.011,11.863,0.000,1.000,109.341
1.340,11.878,15.896,-627.964,8.713,-0.899,4,9.818,0.000,"Ground_80_320:(0.00, 1.00, 0.00)",0.068,0.000,0.011,11.878,0.000,1.000,109.104
1.360,11.890,16.134,-627.960,8.712,-1.137,4,9.817,0.000,"Ground_80_320:(0.00, 1.00, 0.00)",0.061,0.000,0.011,11.890,0.000,1.000,108.866
1.380,11.901,16.372,-627.956,8.711,-1.375,4,9.816,0.000,"Ground_80_320:(0.00, 1.00, 0.00)",0.055,0.000,-0.011,11.901,0.000,1.000,108.628
1.400,11.803,16.608,-627.953,8.710,-1.611,4,9.815,0.000,"Ground_80_320:(0.00, 1.00, 0.00)",0.050,0.000,-0.011,11.803,0.000,1.000,108.392
1.420,11.826,16.845,-627.949,8.709,-1.848,4,9.815,0.000,"Ground_80_320:(0.00, 1.00, 0.00)",0.098,0.000,0.011,11.826,0.000,1.000,108.155
1.440,11.845,17.082,-627.945,8.708,-2.084,4,9.814,0.000,"Ground_80_320:(0.00, 1.00, 0.00)",0.087,0.000,0.011,11.845,0.000,1.000,107.918
1.460,11.862,17.319,-627.941,8.707,-2.322,4,9.813,0.000,"Ground_80_320:(0.00, 1.00, 0.00)",0.077,0.000,-0.011,11.862,0.000,1.000,107.681
1.480,11.876,17.556,-627.937,8.706,-2.559,4,9.813,0.000,"Ground_80_320:(0.00, 1.00, 0.00)",0.069,0.000,0.011,11.876,0.000,1.000,107.444
1.500,11.889,17.794,-627.933,8.705,-2.797,4,9.812,0.000,"Ground_80_320:(0.00, 1.00, 0.00)",0.062,0.000,-0.011,11.889,0.000,1.000,107.206
1.520,11.900,18.032,-627.929,8.704,-3.035,4,9.811,0.000,"Ground_80_320:(0.00, 1.00, 0.00)",0.055,0.000,-0.011,11.900,0.000,1.000,106.968
1.540,11.909,18.270,-627.925,8.703,-3.273,4,9.811,0.000,"Ground_80_320:(0.00, 1.00, 0.00)",0.050,0.000,0.011,11.909,0.000,1.000,106.730
1.560,11.810,18.507,-627.921,8.702,-3.509,4,9.811,0.000,"Ground_80_320:(0.00, 1.00, 0.00)",0.045,0.000,0.011,11.810,0.000,1.000,106.493
1.580,11.832,18.743,-627.917,8.701,-3.746,4,9.810,0.000,"Ground_80_320:(0.00, 1.00, 0.00)",0.095,0.000,-0.011,11.832,0.000,1.000,106.257
1.600,11.851,18.980,-627.914,8.700,-3.983,4,9.810,0.000,"Ground_80_320:(0.00, 1.00, 0.00)",0.084,0.000,-0.011,11.851,0.000,1.000,106.020
1.620,11.867,19.218,-627.910,8.699,-4.220,4,9.810,0.000,"Ground_80_320:(0.00, 1.00, 0.00)",0.075,0.000,0.011,11.867,0.000,1.000,105.782
1.640,11.881,19.455,-627.906,8.698,-4.458,4,9.810,0.000,"Ground_80_320:(0.00, 1.00, 0.00)",0.067,0.000,0.011,11.881,0.000,1.000,105.545
1.660,11.893,19.693,-627.902,8.697,-4.695,4,9.809,0.000,"Ground_80_320:(0.00, 1.00, 0.00)",0.060,0.000,-0.011,11.893,0.000,1.000,105.307
1.680,11.903,19.931,-627.898,8.696,-4.933,4,9.809,0.000,"Ground_80_320:(0.00, 1.00, 0.00)",0.054,0.000,-0.011,11.903,0.000,1.000,105.069
1.700,11.805,20.167,-627.894,8.695,-5.170,4,9.809,0.000,"Ground_80_320:(0.00, 1.00, 0.00)",0.048,0.000,0.011,11.805,0.000,1.000,104.833
1.720,11.827,20.404,-627.890,8.694,-5.406,4,9.809,0.000,"Ground_80_320:(0.00, 1.00, 0.00)",0.098,0.000,0.011,11.827,0.000,1.000,104.596
1.740,11.846,20.641,-627.886,8.693,-5.643,4,9.809,0.000,"Ground_80_320:(0.00, 1.00, 0.00)",0.086,0.000,-0.011,11.846,0.000,1.000,104.359
1.760,11.863,20.878,-627.882,8.692,-5.880,4,9.810,0.000,"Ground_80_320:(0.00, 1.00, 0.00)",0.077,0.000,-0.011,11.863,0.000,1.000,104.122
1.780,11.877,21.116,-627.878,8.691,-6.118,4,9.810,0.000,"Ground_80_320:(0.00, 1.00, 0.00)",0.068,0.000,0.011,11.877,0.000,1.000,103.885
1.800,11.890,21.353,-627.874,8.690,-6.355,4,9.810,0.000,"Ground_80_320:(0.00, 1.00, 0.00)",0.061,0.000,0.011,11.890,0.000,1.000,103.647
1.820,11.901,21.591,-627.870,8.689,-6.593,4,9.810,0.000,"Ground_80_320:(0.00, 1.00, 0.00)",0.055,0.000,-0.011,11.901,0.000,1.000,103.409
1.840,11.803,21.827,-627.867,8.688,-6.829,4,9.810,0.000,"Ground_80_320:(0.00, 1.00, 0.00)",0.050,0.000,-0.011,11.803,0.000,1.000,103.173
1.860,11.826,22.064,-627.863,8.687,-7.066,4,9.810,0.000,"Ground_80_320:(0.00, 1.00, 0.00)",0.099,0.000,0.011,11.826,0.000,1.000,102.936
1.880,11.845,22.301,-627.859,8.687,-7.303,4,9.810,0.000,"Ground_80_320:(0.00, 1.00, 0.00)",0.087,0.000,0.011,11.845,0.000,1.000,102.699
1.900,11.862,22.538,-627.855,8.686,-7.540,4,9.810,0.000,"Ground_80_320:(0.00, 1.00, 0.00)",0.078,0.000,-0.011,11.862,0.000,1.000,102.462
1.920,11.876,22.776,-627.851,8.685,-7.777,4,9.810,0.000,"Ground_80_320:(0.00, 1.00, 0.00)",0.069,0.000,-0.011,11.876,0.000,1.000,102.225
1.940,11.889,23.013,-627.847,8.684,-8.015,4,9.811,0.000,"Ground_80_320:(0.00, 1.00, 0.00)",0.062,0.000,0.011,11.889,0.000,1.000,101.987
1.960,11.900,23.251,-627.843,8.683,-8.253,4,9.811,0.000,"Ground_80_320:(0.00, 1.00, 0.00)",0.056,0.000,0.011,11.900,0.000,1.000,101.749
1.980,11.909,23.489,-627.839,8.682,-8.491,4,9.811,0.000,"Ground_80_320:(0.00, 1.00, 0.00)",0.050,0.000,-0.011,11.909,0.000,1.000,101.511
2.000,11.810,23.726,-627.835,8.681,-8.728,4,9.811,0.000,"Ground_80_320:(0.00, 1.00, 0.00)",0.045,0.000,-0.011,11.810,0.000,1.000,101.274
2.020,11.832,23.962,-627.831,8.680,-8.964,4,9.811,0.000,"Ground_80_320:(0.00, 1.00, 0.00)",0.095,0.000,0.011,11.832,0.000,1.000,101.038
2.040,11.850,24.199,-627.827,8.679,-9.201,4,9.811,0.000,"Ground_80_320:(0.00, 1.00, 0.00)",0.084,0.000,0.011,11.850,0.000,1.000,100.801
2.060,11.867,24.437,-627.823,8.678,-9.438,4,9.811,0.000,"Ground_80_320:(0.00, 1.00, 0.00)",0.075,0.000,-0.011,11.867,0.000,1.000,100.563
2.080,11.881,24.674,-627.819,8.677,-9.676,4,9.811,0.000,"Ground_80_320:(0.00, 1.00, 0.00)",0.067,0.000,-0.011,11.881,0.000,1.000,100.326
2.100,11.893,24.912,-627.815,8.676,-9.914,4,9.811,0.000,"Ground_80_320:(0.00, 1.00, 0.00)",0.060,0.000,0.011,11.893,0.000,1.000,100.088
2.120,11.903,25.150,-627.812,8.675,-10.152,4,9.811,0.000,"Ground_80_320:(0.00, 1.00, 0.00)",0.054,0.000,0.011,11.903,0.000,1.000,99.850
2.140,11.805,25.386,-627.808,8.674,-10.388,4,9.811,0.000,"Ground_80_320:(0.00, 1.00, 0.00)",0.049,0.000,-0.010,11.805,0.000,1.000,99.614
2.160,11.827,25.623,-627.804,8.673,-10.624,4,9.811,0.000,"Ground_80_320:(0.00, 1.00, 0.00)",0.098,0.000,-0.011,11.827,0.000,1.000,99.377
2.180,11.846,25.860,-627.800,8.672,-10.861,4,9.811,0.000,"Ground_80_320:(0.00, 1.00, 0.00)",0.086,0.000,0.011,11.846,0.000,1.000,99.140
2.200,11.863,26.097,-627.796,8.671,-11.098,4,9.811,0.000,"Ground_80_320:(0.00, 1.00, 0.00)",0.077,0.000,0.011,11.863,0.000,1.000,98.903
2.220,11.877,26.335,-627.792,8.670,-11.336,4,9.811,0.000,"Ground_80_320:(0.00, 1.00, 0.00)",0.068,0.000,-0.010,11.877,0.000,1.000,98.665
2.240,11.890,26.572,-627.788,8.669,-11.574,4,9.811,0.000,"Ground_80_320:(0.00, 1.00, 0.00)",0.061,0.000,-0.010,11.890,0.000,1.000,98.428
2.260,11.901,26.810,-627.784,8.668,-11.812,4,9.811,0.000,"Ground_80_320:(0.00, 1.00, 0.00)",0.055,0.000,0.011,11.901,0.000,1.000,98.190
2.280,11.803,27.046,-627.780,8.667,-12.048,4,9.811,0.000,"Ground_80_320:(0.00, 1.00, 0.00)",0.050,0.000,0.011,11.803,0.000,1.000,97.954
2.300,11.825,27.283,-627.776,8.666,-12.284,4,9.811,0.000,"Ground_80_320:(0.00, 1.00, 0.00)",0.099,0.000,-0.011,11.825,0.000,1.000,97.717
2.320,11.845,27.520,-627.772,8.665,-12.521,4,9.811,0.000,"Ground_80_320:(0.00, 1.00, 0.00)",0.087,0.000,-0.010,11.845,0.000,1.000,97.480
2.340,11.862,27.757,-627.768,8.664,-12.758,4,9.811,0.000,"Ground_80_320:(0.00, 1.00, 0.00)",0.078,0.000,0.011,11.862,0.000,1.000,97.243
2.360,11.876,27.995,-627.765,8.663,-12.996,4,9.811,0.000,"Ground_80_320:(0.00, 1.00, 0.00)",0.069,0.000,0.010,11.876,0.000,1.000,97.005
2.380,11.889,28.232,-627.761,8.662,-13.234,4,9.811,0.000,"Ground_80_320:(0.00, 1.00, 0.00)",0.062,0.000,-0.010,11.889,0.000,1.000,96.768
2.400,11.900,28.470,-627.757,8.661,-13.472,4,9.811,0.000,"Ground_80_320:(0.00, 1.00, 0.00)",0.056,0.000,-0.010,11.900,0.000,1.000,96.530
2.420,11.909,28.709,-627.753,8.660,-13.710,4,9.811,0.000,"Ground_80_320:(0.00, 1.00, 0.00)",0.050,0.000,0.010,11.909,0.000,1.000,96.291
2.440,11.810,28.945,-627.749,8.659,-13.946,4,9.811,0.000,"Ground_80_320:(0.00, 1.00, 0.00)",0.045,0.000,0.010,11.810,0.000,1.000,96.055
2.460,11.832,29.181,-627.745,8.658,-14.182,4,9.811,0.000,"Ground_80_320:(0.00, 1.00, 0.00)",0.095,0.000,-0.010,11.832,0.000,1.000,95.819
2.480,11.850,29.418,-627.741,8.657,-14.419,4,9.811,0.000,"Ground_80_320:(0.00, 1.00, 0.00)",0.084,0.000,-0.010,11.850,0.000,1.000,95.582
2.500,11.867,29.656,-627.737,8.656,-14.657,4,9.811,0.000,"Ground_80_320:(0.00, 1.00, 0.00)",0.075,0.000,0.010,11.867,0.000,1.000,95.344
2.520,11.880,29.893,-627.733,8.656,-14.894,4,9.811,0.000,"Ground_80_320:(0.00, 1.00, 0.00)",0.067,0.000,0.010,11.880,0.000,1.000,95.107
2.540,11.893,30.131,-627.729,8.655,-15.132,4,9.811,0.000,"Ground_80_320:(0.00, 1.00, 0.00)",0.060,0.000,-0.010,11.893,0.000,1.000,94.869
2.560,11.903,30.369,-627.725,8.654,-15.370,4,9.811,0.000,"Ground_80_320:(0.00, 1.00, 0.00)",0.054,0.000,-0.010,11.903,0.000,1.000,94.631
2.580,11.805,30.605,-627.722,8.653,-15.606,4,9.811,0.000,"Ground_80_320:(0.00, 1.00, 0.00)",0.049,0.000,0.010,11.805,0.000,1.000,94.395
2.600,11.827,30.842,-627.718,8.652,-15.843,4,9.811,0.000,"Ground_80_320:(0.00, 1.00, 0.00)",0.098,0.000,0.010,11.827,0.000,1.000,94.158
2.620,11.846,31.079,-627.714,8.651,-16.080,4,9.811,0.000,"Ground_80_320:(0.00, 1.00, 0.00)",0.086,0.000,-0.010,11.846,0.000,1.000,93.921
2.640,11.863,31.316,-627.710,8.650,-16.317,4,9.811,0.000,"Ground_80_320:(0.00, 1.00, 0.00)",0.077,0.000,-0.010,11.863,0.000,1.000,93.684
2.660,11.877,31.554,-627.706,8.649,-16.554,4,9.811,0.000,"Ground_80_320:(0.00, 1.00, 0.00)",0.068,0.000,0.010,11.877,0.000,1.000,93.446
2.680,11.890,31.791,-627.702,8.648,-16.792,4,9.811,0.000,"Ground_80_320:(0.00, 1.00, 0.00)",0.061,0.000,0.010,11.890,0.000,1.000,93.209
2.700,11.901,32.029,-627.698,8.647,-17.030,4,9.811,0.000,"Ground_80_320:(0.00, 1.00, 0.00)",0.055,0.000,-0.010,11.901,0.000,1.000,92.971
2.720,11.803,32.265,-627.694,8.646,-17.266,4,9.811,0.000,"Ground_80_320:(0.00, 1.00, 0.00)",0.050,0.000,-0.010,11.803,0.000,1.000,92.735
2.740,11.825,32.502,-627.690,8.645,-17.503,4,9.811,0.000,"Ground_80_320:(0.00, 1.00, 0.00)",0.099,0.000,0.010,11.825,0.000,1.000,92.498
2.760,11.845,32.739,-627.686,8.644,-17.739,4,9.811,0.000,"Ground_80_320:(0.00, 1.00, 0.00)",0.087,0.000,0.010,11.845,0.000,1.000,92.261
2.780,11.862,32.976,-627.682,8.643,-17.977,4,9.811,0.000,"Ground_80_320:(0.00, 1.00, 0.00)",0.078,0.000,-0.010,11.862,0.000,1.000,92.024
2.800,11.876,33.214,-627.679,8.642,-18.214,4,9.811,0.000,"Ground_80_320:(0.00, 1.00, 0.00)",0.069,0.000,-0.010,11.876,0.000,1.000,91.786
2.820,11.889,33.451,-627.675,8.641,-18.452,4,9.811,0.000,"Ground_80_320:(0.00, 1.00, 0.00)",0.062,0.000,0.010,11.889,0.000,1.000,91.549
2.840,11.900,33.689,-627.671,8.640,-18.690,4,9.811,0.000,"Ground_80_320:(0.00, 1.00, 0.00)",0.056,0.000,0.010,11.900,0.000,1.000,91.311
2.860,11.909,33.928,-627.667,8.639,-18.928,4,9.811,0.000,"Ground_80_320:(0.00, 1.00, 0.00)",0.050,0.000,-0.010,11.909,0.000,1.000,91.072
2.880,11.810,34.164,-627.663,8.638,-19.164,4,9.811,0.000,"Ground_80_320:(0.00, 1.00, 0.00)",0.045,0.000,-0.010,11.810,0.000,1.000,90.836
2.900,11.832,34.400,-627.659,8.637,-19.401,4,9.811,0.000,"Ground_80_320:(0.00, 1.00, 0.00)",0.095,0.000,0.010,11.832,0.000,1.000,90.600
2.920,11.850,34.637,-627.655,8.636,-19.638,4,9.811,0.000,"Ground_80_320:(0.00, 1.00, 0.00)",0.084,0.000,0.010,11.850,0.000,1.000,90.363
2.940,11.866,34.875,-627.651,8.635,-19.875,4,9.811,0.000,"Ground_80_320:(0.00, 1.00, 0.00)",0.075,0.000,-0.010,11.866,0.000,1.000,90.125
2.960,11.880,35.112,-627.647,8.634,-20.113,4,9.811,0.000,"Ground_80_320:(0.00, 1.00, 0.00)",0.067,0.000,-0.010,11.880,0.000,1.000,89.888
2.980,11.892,35.350,-627.643,8.633,-20.350,4,9.811,0.000,"Ground_80_320:(0.00, 1.00, 0.00)",0.060,0.000,0.010,11.892,0.000,1.000,89.650
3.000,11.903,35.588,-627.640,8.633,-20.588,4,9.811,0.000,"Ground_80_320:(0.00, 1.00, 0.00)",0.054,0.000,0.010,11.903,0.000,1.000,89.412
3.020,11.805,35.824,-627.636,8.632,-20.824,4,9.811,0.000,"Ground_80_320:(0.00, 1.00, 0.00)",0.049,0.000,-0.010,11.805,0.000,1.000,89.176
3.040,11.827,36.061,-627.632,8.631,-21.061,4,9.811,0.000,"Ground_80_320:(0.00, 1.00, 0.00)",0.098,0.000,-0.010,11.827,0.000,1.000,88.939
3.060,11.846,36.298,-627.628,8.630,-21.298,4,9.811,0.000,"Ground_80_320:(0.00, 1.00, 0.00)",0.086,0.000,0.010,11.846,0.000,1.000,88.702
3.080,11.863,36.535,-627.624,8.629,-21.535,4,9.811,0.000,"Ground_80_320:(0.00, 1.00, 0.00)",0.077,0.000,0.010,11.863,0.000,1.000,88.465
3.100,11.877,36.773,-627.620,8.628,-21.773,4,9.811,0.000,"Ground_80_320:(0.00, 1.00, 0.00)",0.069,0.000,-0.010,11.877,0.000,1.000,88.227
3.120,11.890,37.010,-627.616,8.627,-22.010,4,9.811,0.000,"Ground_80_320:(0.00, 1.00, 0.00)",0.061,0.000,-0.010,11.890,0.000,1.000,87.990
3.140,11.901,37.248,-627.612,8.626,-22.248,4,9.811,0.000,"Ground_80_320:(0.00, 1.00, 0.00)",0.055,0.000,0.010,11.901,0.000,1.000,87.752
3.160,11.803,37.484,-627.608,8.625,-22.484,4,9.811,0.000,"Ground_80_320:(0.00, 1.00, 0.00)",0.050,0.000,0.010,11.803,0.000,1.000,87.516
3.180,11.825,37.721,-627.604,8.624,-22.721,4,9.811,0.000,"Ground_80_320:(0.00, 1.00, 0.00)",0.099,0.000,-0.010,11.825,0.000,1.000,87.279
3.200,11.845,37.958,-627.600,8.623,-22.958,4,9.811,0.000,"Ground_80_320:(0.00, 1.00, 0.00)",0.087,0.000,-0.010,11.845,0.000,1.000,87.042
3.220,11.862,38.195,-627.597,8.622,-23.195,4,9.811,0.000,"Ground_80_320:(0.00, 1.00, 0.00)",0.078,0.000,0.010,11.862,0.000,1.000,86.805
3.240,11.876,38.433,-627.593,8.621,-23.432,4,9.811,0.000,"Ground_80_320:(0.00, 1.00, 0.00)",0.069,0.000,0.010,11.876,0.000,1.000,86.567
3.260,11.889,38.670,-627.589,8.620,-23.670,4,9.811,0.000,"Ground_80_320:(0.00, 1.00, 0.00)",0.062,0.000,-0.010,11.889,0.000,1.000,86.330
3.280,11.900,38.908,-627.585,8.619,-23.908,4,9.811,0.000,"Ground_80_320:(0.00, 1.00, 0.00)",0.056,0.000,-0.010,11.900,0.000,1.000,86.092
3.300,11.909,39.147,-627.581,8.618,-24.146,4,9.811,0.000,"Ground_80_320:(0.00, 1.00, 0.00)",0.050,0.000,0.010,11.909,0.000,1.000,85.853
3.320,11.810,39.383,-627.577,8.617,-24.382,4,9.811,0.000,"Ground_80_320:(0.00, 1.00, 0.00)",0.045,0.000,0.010,11.810,0.000,1.000,85.617
3.340,11.832,39.619,-627.573,8.616,-24.619,4,9.811,0.000,"Ground_80_320:(0.00, 1.00, 0.00)",0.095,0.000,-0.010,11.832,0.000,1.000,85.381
3.360,11.850,39.856,-627.569,8.615,-24.856,4,9.811,0.000,"Ground_80_320:(0.00, 1.00, 0.00)",0.084,0.000,-0.010,11.850,0.000,1.000,85.144
3.380,11.866,40.094,-627.565,8.614,-25.093,4,9.811,0.000,"Ground_80_320:(0.00, 1.00, 0.00)",0.075,0.000,0.010,11.866,0.000,1.000,84.906
3.400,11.880,40.331,-627.561,8.614,-25.331,4,9.811,0.000,"Ground_80_320:(0.00, 1.00, 0.00)",0.067,0.000,0.010,11.880,0.000,1.000,84.669
3.420,11.892,40.569,-627.557,8.613,-25.569,4,9.811,0.000,"Ground_80_320:(0.00, 1.00, 0.00)",0.060,0.000,-0.010,11.892,0.000,1.000,84.431
3.440,11.903,40.807,-627.554,8.612,-25.807,4,9.811,0.000,"Ground_80_320:(0.00, 1.00, 0.00)",0.054,0.000,-0.010,11.903,0.000,1.000,84.193
3.460,11.805,41.043,-627.550,8.611,-26.043,4,9.811,0.000,"Ground_80_320:(0.00, 1.00, 0.00)",0.049,0.000,0.010,11.805,0.000,1.000,83.957
3.480,11.827,41.280,-627.546,8.610,-26.279,4,9.811,0.000,"Ground_80_320:(0.00, 1.00, 0.00)",0.098,0.000,0.010,11.827,0.000,1.000,83.720
3.500,11.846,41.517,-627.542,8.609,-26.516,4,9.811,0.000,"Ground_80_320:(0.00, 1.00, 0.00)",0.086,0.000,-0.010,11.846,0.000,1.000,83.483
3.520,11.863,41.754,-627.538,8.608,-26.753,4,9.811,0.000,"Ground_80_320:(0.00, 1.00, 0.00)",0.077,0.000,-0.010,11.863,0.000,1.000,83.246
3.540,11.877,41.992,-627.534,8.607,-26.991,4,9.811,0.000,"Ground_80_320:(0.00, 1.00, 0.00)",0.069,0.000,0.010,11.877,0.000,1.000,83.008
3.560,11.890,42.229,-627.530,8.606,-27.229,4,9.811,0.000,"Ground_80_320:(0.00, 1.00, 0.00)",0.061,0.000,0.010,11.890,0.000,1.000,82.771
3.580,11.901,42.467,-627.526,8.605,-27.467,4,9.811,0.000,"Ground_80_320:(0.00, 1.00, 0.00)",0.055,0.000,-0.010,11.901,0.000,1.000,82.533
3.600,11.803,42.703,-627.522,8.604,-27.703,4,9.811,0.000,"Ground_80_320:(0.00, 1.00, 0.00)",0.050,0.000,-0.010,11.803,0.000,1.000,82.297
3.620,11.825,42.940,-627.518,8.603,-27.939,4,9.811,0.000,"Ground_80_320:(0.00, 1.00, 0.00)",0.099,0.000,0.010,11.825,0.000,1.000,82.060
3.640,11.845,43.177,-627.515,8.602,-28.176,4,9.811,0.000,"Ground_80_320:(0.00, 1.00, 0.00)",0.087,0.000,0.010,11.845,0.000,1.000,81.823
3.660,11.862,43.414,-627.511,8.601,-28.413,4,9.811,0.000,"Ground_80_320:(0.00, 1.00, 0.00)",0.078,0.000,-0.010,11.862,0.000,1.000,81.586
3.680,11.876,43.652,-627.507,8.600,-28.651,4,9.811,0.000,"Ground_80_320:(0.00, 1.00, 0.00)",0.069,0.000,-0.010,11.876,0.000,1.000,81.348
3.700,11.889,43.889,-627.503,8.599,-28.888,4,9.811,0.000,"Ground_80_320:(0.00, 1.00, 0.00)",0.062,0.000,0.010,11.889,0.000,1.000,81.111
3.720,11.900,44.127,-627.499,8.598,-29.126,4,9.811,0.000,"Ground_80_320:(0.00, 1.00, 0.00)",0.056,0.000,0.010,11.900,0.000,1.000,80.873
3.740,11.909,44.366,-627.495,8.598,-29.365,4,9.811,0.000,"Takeoff - 40m x 6m, 6.2m rise:(0.00, 1.00, 0.00)",0.050,0.000,-0.010,11.909,0.000,1.000,80.635
3.760,11.810,44.602,-627.491,8.597,-29.601,4,10.396,0.000,"Takeoff - 40m x 6m, 6.2m rise:(0.00, 1.00, 0.00)",0.045,0.000,-0.010,11.810,0.000,1.000,80.398
3.780,11.832,44.838,-627.487,8.596,-29.837,4,10.305,0.062,"Takeoff - 40m x 6m, 6.2m rise:(0.00, 1.00, 0.00)",0.095,0.000,0.010,11.832,0.000,1.000,80.162
3.800,11.850,45.075,-627.483,8.596,-30.074,4,10.230,0.112,"Takeoff - 40m x 6m, 6.2m rise:(0.00, 1.00, 0.00)",0.084,0.000,0.009,11.850,0.000,1.000,79.925
3.820,11.866,45.312,-627.479,8.596,-30.311,4,10.165,0.152,"Takeoff - 40m x 6m, 6.2m rise:(0.00, 1.00, 0.00)",0.075,0.000,-0.008,11.866,0.000,1.000,79.688
3.840,11.880,45.550,-627.475,8.596,-30.549,4,10.109,0.183,"Takeoff - 40m x 6m, 6.2m rise:(0.00, 1.00, 0.00)",0.067,0.000,-0.006,11.880,0.000,1.000,79.450
3.860,11.892,45.787,-627.472,8.596,-30.786,4,10.057,0.206,"Takeoff - 40m x 6m, 6.2m rise:(0.00, 1.00, 0.00)",0.060,0.000,0.005,11.892,0.000,1.000,79.213
3.880,11.902,46.025,-627.468,8.596,-31.024,4,10.008,0.222,"Takeoff - 40m x 6m, 6.2m rise:(0.00, 1.00, 0.00)",0.054,0.000,0.003,11.902,0.000,1.000,78.975
3.900,11.803,46.261,-627.464,8.596,-31.260,4,10.547,0.233,"Takeoff - 40m x 6m, 6.2m rise:(0.00, 1.00, 0.00)",0.049,0.000,0.002,11.803,0.000,1.000,78.739
3.920,11.825,46.498,-627.460,8.597,-31.496,4,10.372,0.178,"Takeoff - 40m x 6m, 6.2m rise:(0.00, 1.00, 0.00)",0.098,0.000,-0.001,11.825,0.000,1.000,78.502
3.940,11.844,46.735,-627.456,8.598,-31.733,4,10.199,0.131,"Takeoff - 40m x 6m, 6.2m rise:(0.00, 1.00, 0.00)",0.088,0.000,0.000,11.844,0.000,1.000,78.265
3.960,11.860,46.972,-627.452,8.598,-31.970,4,10.030,0.091,"Takeoff - 40m x 6m, 6.2m rise:(0.00, 1.00, 0.00)",0.078,0.000,0.000,11.860,0.000,1.000,78.028
3.980,11.874,47.209,-627.448,8.599,-32.208,4,9.873,0.058,"Takeoff - 40m x 6m, 6.2m rise:(0.00, 1.00, 0.00)",0.070,0.000,0.000,11.874,0.000,1.000,77.791
4.000,11.886,47.447,-627.444,8.600,-32.446,4,9.731,0.031,"Takeoff - 40m x 6m, 6.2m rise:(0.00, 1.00, 0.00)",0.063,0.000,-0.001,11.886,0.000,1.000,77.553
4.020,11.897,47.685,-627.440,8.601,-32.684,4,9.609,0.010,"Takeoff - 40m x 6m, 6.2m rise:(0.00, 1.00, 0.00)",0.057,0.000,-0.002,11.897,0.000,1.000,77.315
4.040,11.906,47.923,-627.436,8.602,-32.922,4,9.508,0.007,"Takeoff - 40m x 6m, 6.2m rise:(0.00, 1.00, 0.00)",0.052,0.000,-0.002,11.906,0.000,1.000,77.077
4.060,11.807,48.159,-627.432,8.602,-33.158,4,9.429,0.019,"Takeoff - 40m x 6m, 6.2m rise:(0.00, 1.00, 0.00)",0.047,0.000,-0.003,11.807,0.000,1.000,76.841
4.080,11.828,48.396,-627.429,8.602,-33.395,4,9.370,0.028,"Takeoff - 40m x 6m, 6.2m rise:(0.00, 1.00, 0.00)",0.097,0.000,0.004,11.828,0.000,1.000,76.604
4.100,11.847,48.633,-627.425,8.603,-33.632,4,9.333,0.035,"Takeoff - 40m x 6m, 6.2m rise:(0.00, 1.00, 0.00)",0.086,0.000,0.005,11.847,0.000,1.000,76.367
4.120,11.863,48.870,-627.421,8.602,-33.869,4,9.316,0.039,"Takeoff - 40m x 6m, 6.2m rise:(0.00, 1.00, 0.00)",0.076,0.000,-0.005,11.863,0.000,1.000,76.130
4.140,11.877,49.108,-627.417,8.602,-34.106,4,9.315,0.041,"Takeoff - 40m x 6m, 6.2m rise:(0.00, 1.00, 0.00)",0.068,0.000,0.006,11.877,0.000,1.000,75.892
4.160,11.889,49.346,-627.413,8.602,-34.344,4,9.329,0.041,"Takeoff - 40m x 6m, 6.2m rise:(0.00, 1.00, 0.00)",0.061,0.000,-0.007,11.889,0.000,1.000,75.654
4.180,11.900,49.584,-627.409,8.601,-34.582,4,9.355,0.040,"Takeoff - 40m x 6m, 6.2m rise:(0.00, 1.00, 0.00)",0.055,0.000,0.007,11.900,0.000,1.000,75.416
4.200,11.909,49.822,-627.405,8.600,-34.820,4,9.390,0.039,"Takeoff - 40m x 6m, 6.2m rise:(0.00, 1.00, 0.00)",0.050,0.000,-0.008,11.909,0.000,1.000,75.178
4.220,11.810,50.058,-627.401,8.599,-35.057,4,9.433,0.036,"Takeoff - 40m x 6m, 6.2m rise:(0.00, 1.00, 0.00)",0.045,0.000,0.008,11.810,0.000,1.000,74.942
4.240,11.831,50.295,-627.397,8.598,-35.293,4,9.480,0.034,"Takeoff - 40m x 6m, 6.2m rise:(0.00, 1.00, 0.00)",0.095,0.000,-0.008,11.831,0.000,1.000,74.705
4.260,11.850,50.532,-627.393,8.597,-35.530,4,9.530,0.031,"Takeoff - 40m x 6m, 6.2m rise:(0.00, 1.00, 0.00)",0.084,0.000,0.009,11.850,0.000,1.000,74.468
4.280,11.866,50.770,-627.389,8.596,-35.768,4,9.582,0.028,"Takeoff - 40m x 6m, 6.2m rise:(0.00, 1.00, 0.00)",0.075,0.000,-0.009,11.866,0.000,1.000,74.231
4.300,11.880,51.007,-627.386,8.594,-36.005,4,9.633,0.025,"Takeoff - 40m x 6m, 6.2m rise:(0.00, 1.00, 0.00)",0.067,0.000,0.009,11.880,0.000,1.000,73.993
4.320,11.892,51.245,-627.382,8.593,-36.243,4,9.682,0.021,"Takeoff - 40m x 6m, 6.2m rise:(0.00, 1.00, 0.00)",0.060,0.000,-0.010,11.892,0.000,1.000,73.755
4.340,11.902,51.483,-627.378,8.592,-36.481,4,9.728,0.019,"Takeoff - 40m x 6m, 6.2m rise:(0.00, 1.00, 0.00)",0.054,0.000,0.010,11.902,0.000,1.000,73.517
4.360,11.804,51.719,-627.374,8.590,-36.717,4,9.770,0.016,"Takeoff - 40m x 6m, 6.2m rise:(0.00, 1.00, 0.00)",0.049,0.000,-0.010,11.804,0.000,1.000,73.281
4.380,11.827,51.956,-627.370,8.589,-36.954,4,9.807,0.013,"Takeoff - 40m x 6m, 6.2m rise:(0.00, 1.00, 0.00)",0.098,0.000,0.010,11.827,0.000,1.000,73.044
4.400,11.846,52.193,-627.366,8.587,-37.191,4,9.840,0.011,"Takeoff - 40m x 6m, 6.2m rise:(0.00, 1.00, 0.00)",0.087,0.000,-0.010,11.846,0.000,1.000,72.807
4.420,11.863,52.430,-627.362,8.586,-37.428,4,9.867,0.009,"Takeoff - 40m x 6m, 6.2m rise:(0.00, 1.00, 0.00)",0.077,0.000,0.010,11.863,0.000,1.000,72.570
4.440,11.877,52.667,-627.358,8.584,-37.665,4,9.889,0.007,"Takeoff - 40m x 6m, 6.2m rise:(0.00, 1.00, 0.00)",0.069,0.000,-0.010,11.877,0.000,1.000,72.333
4.460,11.890,52.905,-627.354,8.583,-37.903,4,9.906,0.005,"Takeoff - 40m x 6m, 6.2m rise:(0.00, 1.00, 0.00)",0.061,0.000,0.010,11.890,0.000,1.000,72.095
4.480,11.900,53.143,-627.350,8.582,-38.141,4,9.919,0.004,"Takeoff - 40m x 6m, 6.2m rise:(0.00, 1.00, 0.00)",0.055,0.000,-0.010,11.900,0.000,1.000,71.857
4.500,11.803,53.379,-627.346,8.580,-38.377,4,9.927,0.003,"Takeoff - 40m x 6m, 6.2m rise:(0.00, 1.00, 0.00)",0.050,0.000,0.010,11.803,0.000,1.000,71.621
4.520,11.825,53.616,-627.343,8.579,-38.613,4,9.931,0.002,"Takeoff - 40m x 6m, 6.2m rise:(0.00, 1.00, 0.00)",0.099,0.000,-0.010,11.825,0.000,1.000,71.384
4.540,11.845,53.853,-627.339,8.578,-38.850,4,9.932,0.001,"Takeoff - 40m x 6m, 6.2m rise:(0.00, 1.00, 0.00)",0.087,0.000,0.010,11.845,0.000,1.000,71.147
4.560,11.862,54.090,-627.335,8.577,-39.088,4,9.929,0.000,"Takeoff - 40m x 6m, 6.2m rise:(0.00, 1.00, 0.00)",0.078,0.000,-0.010,11.862,0.000,1.000,70.910
4.580,11.876,54.327,-627.331,8.576,-39.325,4,9.924,0.000,"Takeoff - 40m x 6m, 6.2m rise:(0.00, 1.00, 0.00)",0.069,0.000,0.010,11.876,0.000,1.000,70.673
4.600,11.889,54.565,-627.327,8.575,-39.563,4,9.917,0.000,"Takeoff - 40m x 6m, 6.2m rise:(0.00, 1.00, 0.00)",0.062,0.000,-0.010,11.889,0.000,1.000,70.435
4.620,11.900,54.803,-627.323,8.574,-39.801,4,9.908,0.001,"Takeoff - 40m x 6m, 6.2m rise:(0.00, 1.00, 0.00)",0.056,0.000,0.010,11.900,0.000,1.000,70.197
4.640,11.909,55.041,-627.319,8.573,-40.039,4,9.899,0.001,"Takeoff - 40m x 6m, 6.2m rise:(0.00, 1.00, 0.00)",0.050,0.000,-0.010,11.909,0.000,1.000,69.959
4.660,11.810,55.278,-627.315,8.572,-40.275,4,9.888,0.001,"Takeoff - 40m x 6m, 6.2m rise:(0.00, 1.00, 0.00)",0.045,0.000,0.010,11.810,0.000,1.000,69.723
4.680,11.832,55.514,-627.311,8.571,-40.512,4,9.878,0.001,"Takeoff - 40m x 6m, 6.2m rise:(0.00, 1.00, 0.00)",0.095,0.000,-0.010,11.832,0.000,1.000,69.486
4.700,11.850,55.751,-627.307,8.570,-40.749,4,9.867,0.001,"Takeoff - 40m x 6m, 6.2m rise:(0.00, 1.00, 0.00)",0.084,0.000,0.010,11.850,0.000,1.000,69.249
4.720,11.866,55.988,-627.304,8.569,-40.986,4,9.856,0.001,"Takeoff - 40m x 6m, 6.2m rise:(0.00, 1.00, 0.00)",0.075,0.000,-0.010,11.866,0.000,1.000,69.012
4.740,11.880,56.226,-627.300,8.568,-41.223,4,9.846,0.001,"Takeoff - 40m x 6m, 6.2m rise:(0.00, 1.00, 0.00)",0.067,0.000,0.010,11.880,0.000,1.000,68.774
4.760,11.892,56.464,-627.296,8.567,-41.461,4,9.837,0.001,"Takeoff - 40m x 6m, 6.2m rise:(0.00, 1.00, 0.00)",0.060,0.000,-0.010,11.892,0.000,1.000,68.536
4.780,11.903,56.702,-627.292,8.567,-41.699,4,9.828,0.001,"Takeoff - 40m x 6m, 6.2m rise:(0.00, 1.00, 0.00)",0.054,0.000,0.010,11.903,0.000,1.000,68.298
4.800,11.805,56.938,-627.288,8.566,-41.935,4,9.820,0.001,"Takeoff - 40m x 6m, 6.2m rise:(0.00, 1.00, 0.00)",0.049,0.000,-0.010,11.805,0.000,1.000,68.062
4.820,11.827,57.175,-627.284,8.565,-42.172,4,9.813,0.001,"Takeoff - 40m x 6m, 6.2m rise:(0.00, 1.00, 0.00)",0.098,0.000,0.010,11.827,0.000,1.000,67.825
4.840,11.846,57.411,-627.280,8.564,-42.409,4,9.808,0.001,"Takeoff - 40m x 6m, 6.2m rise:(0.00, 1.00, 0.00)",0.087,0.000,0.010,11.846,0.000,1.000,67.589
4.860,11.863,57.649,-627.276,8.563,-42.646,4,9.803,0.001,"Takeoff - 40m x 6m, 6.2m rise:(0.00, 1.00, 0.00)",0.077,0.000,-0.010,11.863,0.000,1.000,67.351
4.880,11.877,57.886,-627.272,8.563,-42.883,4,9.799,0.001,"Takeoff - 40m x 6m, 6.2m rise:(0.00, 1.00, 0.00)",0.069,0.000,-0.010,11.877,0.000,1.000,67.114
4.900,11.890,58.124,-627.268,8.562,-43.121,4,9.796,0.001,"Takeoff - 40m x 6m, 6.2m rise:(0.00, 1.00, 0.00)",0.061,0.000,-0.010,11.890,0.000,1.000,66.876
4.920,11.900,58.362,-627.264,8.561,-43.359,4,9.794,0.001,"Takeoff - 40m x 6m, 6.2m rise:(0.00, 1.00, 0.00)",0.055,0.000,0.010,11.900,0.000,1.000,66.638
4.940,11.803,58.598,-627.261,8.560,-43.595,4,9.793,0.001,"Takeoff - 40m x 6m, 6.2m rise:(0.00, 1.00, 0.00)",0.050,0.000,0.010,11.803,0.000,1.000,66.402
4.960,11.825,58.835,-627.257,8.559,-43.832,4,9.792,0.001,"Takeoff - 40m x 6m, 6.2m rise:(0.00, 1.00, 0.00)",0.099,0.000,0.010,11.825,0.000,1.000,66.165
4.980,11.845,59.072,-627.253,8.558,-44.069,4,9.792,0.000,"Takeoff - 40m x 6m, 6.2m rise:(0.00, 1.00, 0.00)",0.087,0.000,-0.010,11.845,0.000,1.000,65.928
5.000,11.861,59.309,-627.249,8.557,-44.306,4,9.792,0.000,"Takeoff - 40m x 6m, 6.2m rise:(0.00, 1.00, 0.00)",0.078,0.000,-0.010,11.861,0.000,1.000,65.691
5.020,11.876,59.546,-627.245,8.557,-44.543,4,9.793,0.000,"Takeoff - 40m x 6m, 6.2m rise:(0.00, 1.00, 0.00)",0.069,0.000,-0.010,11.876,0.000,1.000,65.454
5.040,11.889,59.784,-627.241,8.556,-44.781,4,9.794,0.000,"Takeoff - 40m x 6m, 6.2m rise:(0.00, 1.00, 0.00)",0.062,0.000,0.010,11.889,0.000,1.000,65.216
5.060,11.900,60.022,-627.237,8.555,-45.019,4,9.796,0.000,"Takeoff - 40m x 6m, 6.2m rise:(0.00, 1.00, 0.00)",0.056,0.000,0.010,11.900,0.000,1.000,64.978
5.080,11.909,60.260,-627.233,8.554,-45.257,4,9.797,0.000,"Takeoff - 40m x 6m, 6.2m rise:(0.00, 1.00, 0.00)",0.050,0.000,0.010,11.909,0.000,1.000,64.740
5.100,11.810,60.496,-627.229,8.553,-45.493,4,9.842,0.175,"Takeoff - 40m x 6m, 6.2m rise:(0.00, 1.00, 0.00)",0.046,0.000,-0.010,11.810,0.000,1.000,64.504
5.120,11.831,60.733,-627.225,8.552,-45.730,4,9.973,0.148,"Takeoff - 40m x 6m, 6.2m rise:(0.00, 1.00, 0.02)",0.095,0.000,-0.010,11.831,0.000,1.000,64.267
5.140,11.850,60.970,-627.221,8.551,-45.967,4,10.137,0.453,"Takeoff - 40m x 6m, 6.2m rise:(0.00, 1.00, 0.03)",0.084,0.000,0.009,11.850,0.000,1.000,64.030
5.160,11.866,61.207,-627.217,8.551,-46.204,4,10.471,0.363,"Takeoff - 40m x 6m, 6.2m rise:(0.00, 1.00, 0.04)",0.075,0.000,-0.008,11.866,0.000,1.000,63.793
5.180,11.880,61.444,-627.214,8.551,-46.441,4,10.794,0.577,"Takeoff - 40m x 6m, 6.2m rise:(0.00, 1.00, 0.05)",0.067,0.000,0.006,11.880,0.000,1.000,63.556
5.200,11.891,61.681,-627.210,8.552,-46.678,4,11.283,0.406,"Takeoff - 40m x 6m, 6.2m rise:(0.00, 1.00, 0.06)",0.060,0.000,0.002,11.891,0.000,1.000,63.319
5.220,11.901,61.919,-627.206,8.553,-46.915,4,11.713,0.516,"Takeoff - 40m x 6m, 6.2m rise:(0.00, 1.00, 0.07)",0.054,0.000,-0.002,11.901,0.000,1.000,63.081
5.240,11.802,62.154,-627.202,8.555,-47.151,4,12.349,0.434,"Takeoff - 40m x 6m, 6.2m rise:(0.00, 1.00, 0.07)",0.049,0.000,-0.008,11.802,0.000,1.000,62.846
5.260,11.823,62.389,-627.198,8.559,-47.386,4,13.009,0.130,"Takeoff - 40m x 6m, 6.2m rise:(0.00, 0.99, 0.11)",0.099,0.000,0.016,11.823,0.000,1.000,62.611
5.280,11.841,62.625,-627.194,8.564,-47.621,4,13.759,0.454,"Takeoff - 40m x 6m, 6.2m rise:(0.00, 0.99, 0.11)",0.088,0.000,-0.027,11.841,0.000,1.000,62.375
5.300,11.855,62.860,-627.190,8.571,-47.857,4,14.559,0.052,"Takeoff - 40m x 6m, 6.2m rise:(0.00, 0.99, 0.11)",0.080,0.000,0.039,11.855,0.000,1.000,62.140
5.320,11.825,63.093,-627.187,8.583,-48.089,4,15.391,0.274,"Takeoff - 40m x 6m, 6.2m rise:(0.00, 0.99, 0.13)",0.073,0.000,-0.054,11.827,0.000,0.999,61.907
5.340,11.828,63.323,-627.183,8.601,-48.320,4,15.485,1.874,"Takeoff - 40m x 6m, 6.2m rise:(0.00, 0.99, 0.13)",0.087,0.000,-0.085,11.829,0.000,0.999,61.677
5.360,11.818,63.552,-627.179,8.622,-48.548,4,16.600,2.093,"Takeoff - 40m x 6m, 6.2m rise:(0.00, 0.99, 0.16)",0.086,0.000,0.131,11.819,0.000,0.997,61.448
5.380,11.827,63.782,-627.175,8.647,-48.778,4,17.531,3.118,"Takeoff - 40m x 6m, 6.2m rise:(0.00, 0.99, 0.15)",0.091,0.000,0.184,11.828,0.000,0.996,61.218
5.400,11.831,64.011,-627.171,8.675,-49.007,4,18.540,2.746,"Takeoff - 40m x 6m, 6.2m rise:(0.00, 0.99, 0.16)",0.086,0.000,-0.229,11.831,0.000,0.994,60.989
5.420,11.830,64.240,-627.168,8.708,-49.236,4,19.425,2.416,"Takeoff - 40m x 6m, 6.2m rise:(0.00, 0.99, 0.17)",0.085,0.000,-0.276,11.831,0.000,0.992,60.760
5.440,11.827,64.469,-627.165,8.744,-49.465,4,19.852,2.167,"Takeoff - 40m x 6m, 6.2m rise:(0.00, 0.98, 0.19)",0.085,0.000,-0.318,11.827,0.000,0.990,60.531
5.460,11.820,64.697,-627.162,8.784,-49.693,4,20.105,1.893,"Takeoff - 40m x 6m, 6.2m rise:(0.00, 0.98, 0.19)",0.087,0.000,0.358,11.821,0.000,0.988,60.303
5.480,11.813,64.925,-627.158,8.828,-49.921,4,19.937,1.677,"Takeoff - 40m x 6m, 6.2m rise:(0.00, 0.98, 0.21)",0.090,0.000,0.393,11.814,0.000,0.986,60.075
5.500,11.804,65.153,-627.153,8.875,-50.149,4,19.689,1.437,"Takeoff - 40m x 6m, 6.2m rise:(0.00, 0.98, 0.22)",0.094,0.000,0.426,11.807,0.000,0.985,59.847
5.520,11.795,65.380,-627.148,8.926,-50.377,4,19.130,1.261,"Takeoff - 40m x 6m, 6.2m rise:(0.00, 0.97, 0.23)",0.098,0.000,0.453,11.800,0.000,0.983,59.620
5.540,11.784,65.608,-627.143,8.980,-50.604,4,18.544,1.049,"Takeoff - 40m x 6m, 6.2m rise:(0.00, 0.97, 0.23)",0.102,0.000,0.477,11.793,0.000,0.981,59.392
5.560,11.772,65.834,-627.139,9.037,-50.830,4,17.767,1.087,"Takeoff - 40m x 6m, 6.2m rise:(0.00, 0.97, 0.24)",0.108,0.000,-0.498,11.786,0.000,0.980,59.166
5.580,11.759,66.060,-627.137,9.096,-51.056,4,17.009,0.716,"Takeoff - 40m x 6m, 6.2m rise:(0.00, 0.97, 0.25)",0.114,0.000,-0.500,11.779,0.000,0.979,58.940
5.600,11.749,66.286,-627.136,9.158,-51.282,4,16.239,0.803,"Takeoff - 40m x 6m, 6.2m rise:(0.00, 0.97, 0.25)",0.120,0.000,-0.500,11.771,0.000,0.978,58.714
5.620,11.740,66.511,-627.136,9.222,-51.507,4,15.467,0.503,"Takeoff - 40m x 6m, 6.2m rise:(0.00, 0.96, 0.27)",0.126,0.000,-0.500,11.764,0.000,0.977,58.489
5.640,11.734,66.735,-627.138,9.287,-51.731,4,14.807,0.629,"Takeoff - 40m x 6m, 6.2m rise:(0.00, 0.96, 0.27)",0.130,0.000,-0.500,11.758,0.000,0.975,58.265
5.660,11.726,66.958,-627.140,9.355,-51.955,4,14.172,0.501,"Takeoff - 40m x 6m, 6.2m rise:(0.00, 0.96, 0.28)",0.133,0.000,-0.500,11.751,0.000,0.974,58.042
5.680,11.716,67.181,-627.142,9.424,-52.178,4,13.702,0.551,"Takeoff - 40m x 6m, 6.2m rise:(0.00, 0.96, 0.28)",0.137,0.000,-0.500,11.745,0.000,0.973,57.819
5.700,11.703,67.403,-627.143,9.495,-52.400,4,13.226,0.560,"Takeoff - 40m x 6m, 6.2m rise:(0.00, 0.96, 0.29)",0.142,0.000,-0.500,11.738,0.000,0.972,57.597
5.720,11.689,67.625,-627.142,9.567,-52.621,4,12.913,0.531,"Takeoff - 40m x 6m, 6.2m rise:(0.00, 0.96, 0.29)",0.148,0.000,0.500,11.728,0.000,0.970,57.375
5.740,11.675,67.846,-627.139,9.640,-52.842,4,12.584,0.628,"Takeoff - 40m x 6m, 6.2m rise:(0.00, 0.95, 0.30)",0.156,0.000,0.500,11.718,0.000,0.969,57.154
5.760,11.665,68.066,-627.133,9.714,-53.063,4,12.377,0.553,"Takeoff - 40m x 6m, 6.2m rise:(-0.01, 0.95, 0.30)",0.162,0.000,0.500,11.706,0.000,0.967,56.934
5.780,11.658,68.286,-627.125,9.789,-53.282,4,12.169,0.704,"Takeoff - 40m x 6m, 6.2m rise:(-0.01, 0.95, 0.31)",0.168,0.000,0.500,11.695,0.000,0.966,56.714
5.800,11.655,68.505,-627.114,9.865,-53.501,4,12.020,0.581,"Takeoff - 40m x 6m, 6.2m rise:(-0.01, 0.95, 0.31)",0.171,0.000,0.500,11.684,0.000,0.964,56.495
5.820,11.651,68.724,-627.103,9.941,-53.720,4,11.900,0.721,"Takeoff - 40m x 6m, 6.2m rise:(-0.01, 0.95, 0.32)",0.173,0.000,0.500,11.676,0.000,0.963,56.276
5.840,11.645,68.942,-627.090,10.019,-53.938,4,11.778,0.606,"Takeoff - 40m x 6m, 6.2m rise:(-0.01, 0.95, 0.32)",0.174,0.000,0.500,11.668,0.000,0.961,56.058
5.860,11.636,69.160,-627.078,10.098,-54.155,4,11.714,0.730,"Takeoff - 40m x 6m, 6.2m rise:(-0.01, 0.95, 0.33)",0.177,0.000,0.500,11.659,0.000,0.959,55.840
5.880,11.622,69.377,-627.067,10.177,-54.372,4,11.601,0.748,"Takeoff - 40m x 6m, 6.2m rise:(-0.01, 0.94, 0.33)",0.182,0.000,0.500,11.650,0.000,0.958,55.623
5.900,11.606,69.594,-627.057,10.257,-54.589,4,11.553,0.715,"Takeoff - 40m x 6m, 6.2m rise:(-0.01, 0.94, 0.33)",0.189,0.000,-0.500,11.639,0.000,0.956,55.406
5.920,11.592,69.810,-627.051,10.338,-54.805,4,11.442,0.766,"Takeoff - 40m x 6m, 6.2m rise:(-0.01, 0.94, 0.34)",0.197,0.000,-0.500,11.627,0.000,0.955,55.190
5.940,11.581,70.026,-627.047,10.420,-55.021,4,11.365,0.696,"Takeoff - 40m x 6m, 6.2m rise:(-0.01, 0.94, 0.34)",0.204,0.000,-0.500,11.614,0.000,0.953,54.974
5.960,11.574,70.241,-627.046,10.502,-55.237,4,11.251,0.764,"Takeoff - 40m x 6m, 6.2m rise:(-0.01, 0.94, 0.34)",0.210,0.000,-0.500,11.602,0.000,0.952,54.759
5.980,11.571,70.456,-627.047,10.585,-55.452,4,11.130,0.670,"Takeoff - 40m x 6m, 6.2m rise:(-0.01, 0.94, 0.34)",0.213,0.000,-0.500,11.592,0.000,0.950,54.544
6.000,11.568,70.671,-627.050,10.668,-55.666,4,11.008,0.723,"Takeoff - 40m x 6m, 6.2m rise:(-0.01, 0.94, 0.35)",0.214,0.000,-0.500,11.583,0.000,0.949,54.329
6.020,11.563,70.885,-627.053,10.753,-55.881,4,10.856,0.640,"Takeoff - 40m x 6m, 6.2m rise:(-0.01, 0.94, 0.35)",0.216,0.000,-0.500,11.576,0.000,0.947,54.115
6.040,11.554,71.099,-627.057,10.837,-56.095,4,10.728,0.678,"Takeoff - 40m x 6m, 6.2m rise:(-0.01, 0.94, 0.35)",0.219,0.000,-0.500,11.569,0.000,0.946,53.901
6.060,11.542,71.313,-627.060,10.922,-56.308,4,10.561,0.674,"Takeoff - 40m x 6m, 6.2m rise:(-0.01, 0.94, 0.35)",0.223,0.000,-0.500,11.561,0.000,0.945,53.687
6.080,11.528,71.526,-627.061,11.008,-56.522,4,10.416,0.621,"Takeoff - 40m x 6m, 6.2m rise:(-0.01, 0.94, 0.35)",0.229,0.000,0.500,11.552,0.000,0.943,53.474
6.100,11.515,71.740,-627.059,11.094,-56.735,4,10.246,0.632,"Takeoff - 40m x 6m, 6.2m rise:(-0.01, 0.94, 0.35)",0.236,0.000,0.500,11.542,0.000,0.942,53.260
6.120,11.506,71.953,-627.055,11.180,-56.948,4,10.077,0.567,"Takeoff - 40m x 6m, 6.2m rise:(-0.01, 0.94, 0.35)",0.243,0.000,0.500,11.531,0.000,0.941,53.047
6.140,11.501,72.165,-627.048,11.266,-57.161,4,9.905,0.566,"Takeoff - 40m x 6m, 6.2m rise:(-0.01, 0.93, 0.36)",0.247,0.000,0.500,11.521,0.000,0.940,52.835
6.160,11.500,72.378,-627.038,11.353,-57.373,4,9.724,0.518,"Takeoff - 40m x 6m, 6.2m rise:(-0.01, 0.93, 0.36)",0.250,0.000,0.500,11.513,0.000,0.939,52.622
6.180,11.498,72.590,-627.027,11.440,-57.585,4,9.555,0.506,"Takeoff - 40m x 6m, 6.2m rise:(-0.01, 0.93, 0.36)",0.250,0.000,0.500,11.506,0.000,0.938,52.410
6.200,11.495,72.802,-627.016,11.526,-57.797,4,9.379,0.480,"Takeoff - 40m x 6m, 6.2m rise:(-0.01, 0.93, 0.36)",0.251,0.000,0.500,11.501,0.000,0.938,52.198
6.220,11.489,73.015,-627.004,11.613,-58.009,4,9.211,0.450,"Takeoff - 40m x 6m, 6.2m rise:(-0.01, 0.93, 0.36)",0.252,0.000,0.500,11.497,0.000,0.937,51.986
6.240,11.479,73.227,-626.993,11.700,-58.221,4,9.048,0.421,"Takeoff - 40m x 6m, 6.2m rise:(-0.01, 0.93, 0.36)",0.255,0.000,0.500,11.492,0.000,0.936,51.773
6.260,11.468,73.439,-626.984,11.786,-58.434,4,8.884,0.402,"Takeoff - 40m x 6m, 6.2m rise:(-0.01, 0.93, 0.36)",0.260,0.000,-0.500,11.485,0.000,0.936,51.561
6.280,11.458,73.651,-626.978,11.872,-58.646,4,8.732,0.363,"Takeoff - 40m x 6m, 6.2m rise:(-0.01, 0.94, 0.35)",0.266,0.000,-0.500,11.478,0.000,0.935,51.349
6.300,11.451,73.864,-626.975,11.959,-58.858,4,8.583,0.360,"Takeoff - 40m x 6m, 6.2m rise:(-0.01, 0.93, 0.35)",0.271,0.000,-0.500,11.470,0.000,0.935,51.136
6.320,11.450,74.076,-626.974,12.044,-59.070,4,8.436,0.311,"Takeoff - 40m x 6m, 6.2m rise:(-0.01, 0.94, 0.35)",0.274,0.000,-0.500,11.464,0.000,0.935,50.924
6.340,11.451,74.288,-626.975,12.130,-59.283,4,8.306,0.293,"Takeoff - 40m x 6m, 6.2m rise:(-0.01, 0.94, 0.35)",0.275,0.000,-0.500,11.459,0.000,0.934,50.712
6.360,11.453,74.501,-626.978,12.215,-59.495,4,8.162,0.269,"Takeoff - 40m x 6m, 6.2m rise:(-0.01, 0.94, 0.35)",0.274,0.000,-0.500,11.456,0.000,0.934,50.499
6.380,11.454,74.714,-626.982,12.300,-59.708,4,8.045,0.208,"Takeoff - 40m x 6m, 6.2m rise:(-0.01, 0.94, 0.35)",0.273,0.000,-0.500,11.455,0.000,0.934,50.286
6.400,11.451,74.927,-626.986,12.384,-59.921,4,7.912,0.238,"Takeoff - 40m x 6m, 6.2m rise:(-0.01, 0.94, 0.35)",0.273,0.000,-0.500,11.454,0.000,0.934,50.073
6.420,11.444,75.140,-626.989,12.468,-60.135,4,7.798,0.164,"Takeoff - 40m x 6m, 6.2m rise:(-0.01, 0.94, 0.35)",0.275,0.000,-0.500,11.452,0.000,0.934,49.860
6.440,11.436,75.353,-626.990,12.551,-60.348,4,7.689,0.214,"Takeoff - 40m x 6m, 6.2m rise:(-0.01, 0.94, 0.35)",0.278,0.000,0.500,11.450,0.000,0.935,49.647
6.460,11.430,75.567,-626.988,12.633,-60.562,4,7.569,0.130,"Takeoff - 40m x 6m, 6.2m rise:(-0.01, 0.94, 0.35)",0.282,0.000,0.500,11.446,0.000,0.935,49.433
6.480,11.427,75.781,-626.984,12.715,-60.776,4,7.483,0.173,"Takeoff - 40m x 6m, 6.2m rise:(-0.01, 0.94, 0.34)",0.285,0.000,0.500,11.443,0.000,0.935,49.219
6.500,11.428,75.995,-626.977,12.796,-60.990,4,7.353,0.112,"Takeoff - 40m x 6m, 6.2m rise:(-0.01, 0.94, 0.34)",0.287,0.000,0.500,11.440,0.000,0.936,49.005
6.520,11.433,76.210,-626.968,12.877,-61.204,4,7.270,0.059,"Takeoff - 40m x 6m, 6.2m rise:(-0.01, 0.94, 0.35)",0.286,0.000,0.500,11.439,0.000,0.936,48.790
6.540,11.439,76.425,-626.956,12.956,-61.419,4,7.150,0.099,"Takeoff - 40m x 6m, 6.2m rise:(-0.01, 0.94, 0.35)",0.283,0.000,0.500,11.440,0.000,0.937,48.575
6.560,11.442,76.640,-626.945,13.035,-61.634,4,7.054,0.054,"Takeoff - 40m x 6m, 6.2m rise:(-0.01, 0.94, 0.34)",0.281,0.000,0.500,11.442,0.000,0.937,48.360
6.580,11.443,76.856,-626.933,13.113,-61.850,4,6.958,0.075,"Takeoff - 40m x 6m, 6.2m rise:(-0.01, 0.94, 0.34)",0.279,0.000,0.500,11.445,0.000,0.938,48.144
6.600,11.440,77.072,-626.922,13.190,-62.066,4,6.839,0.050,"Takeoff - 40m x 6m, 6.2m rise:(-0.01, 0.94, 0.34)",0.279,0.000,0.500,11.448,0.000,0.939,47.928
6.620,11.435,77.288,-626.913,13.267,-62.282,4,6.764,0.040,"Takeoff - 40m x 6m, 6.2m rise:(-0.01, 0.94, 0.33)",0.280,0.000,-0.500,11.449,0.000,0.940,47.712
6.640,11.432,77.505,-626.907,13.342,-62.499,4,6.623,0.082,"Takeoff - 40m x 6m, 6.2m rise:(-0.01, 0.94, 0.33)",0.282,0.000,-0.500,11.449,0.000,0.941,47.495
6.660,11.432,77.723,-626.903,13.416,-62.717,4,6.550,0.137,"Takeoff - 40m x 6m, 6.2m rise:(-0.01, 0.95, 0.32)",0.284,0.000,-0.500,11.449,0.000,0.942,47.277
6.680,11.437,77.941,-626.902,13.489,-62.935,4,6.413,0.119,"Takeoff - 40m x 6m, 6.2m rise:(-0.01, 0.95, 0.33)",0.284,0.000,-0.500,11.450,0.000,0.943,47.059
6.700,11.446,78.159,-626.904,13.561,-63.153,4,6.318,0.235,"",0.281,0.000,-0.500,11.453,0.000,0.944,46.841
6.720,11.454,78.378,-626.907,13.632,-63.372,4,6.205,0.107,"",0.277,0.000,-0.500,11.458,0.000,0.945,46.622
6.740,11.461,78.598,-626.911,13.701,-63.592,4,6.074,0.244,"",0.273,0.000,-0.500,11.464,0.000,0.947,46.402
6.760,11.465,78.818,-626.915,13.770,-63.812,4,5.984,0.138,"",0.269,0.000,-0.500,11.471,0.000,0.948,46.182
6.780,11.465,79.039,-626.918,13.837,-64.033,4,5.816,0.241,"Takeoff - 40m x 6m, 6.2m rise:(-0.01, 0.95, 0.31)",0.267,0.000,-0.500,11.477,0.000,0.949,45.961
6.800,11.464,79.260,-626.919,13.902,-64.254,4,5.732,0.217,"Takeoff - 40m x 6m, 6.2m rise:(0.00, 0.96, 0.30)",0.267,0.000,0.500,11.482,0.000,0.951,45.740
6.820,11.465,79.482,-626.917,13.966,-64.476,4,5.553,0.256,"Takeoff - 40m x 6m, 6.2m rise:(0.00, 0.96, 0.30)",0.268,0.000,0.500,11.486,0.000,0.952,45.518
6.840,11.469,79.705,-626.913,14.028,-64.699,2,3.304,0.970,"",0.268,0.000,0.500,11.492,0.000,0.954,45.295
6.860,11.478,79.929,-626.905,14.088,-64.923,2,3.351,0.970,"",0.266,0.000,0.500,11.498,0.000,0.956,45.071
6.880,11.492,80.154,-626.896,14.145,-65.148,2,3.359,1.317,"",0.261,0.000,0.500,11.507,0.000,0.958,44.846
6.900,11.506,80.379,-626.884,14.200,-65.373,2,3.412,1.455,"",0.254,0.000,0.500,11.519,0.000,0.960,44.621
6.920,11.518,80.606,-626.872,14.253,-65.600,2,3.405,1.591,"",0.247,0.000,0.500,11.532,0.000,0.962,44.394
6.940,11.528,80.834,-626.860,14.303,-65.827,2,3.453,1.900,"",0.241,0.000,0.500,11.545,0.000,0.964,44.166
6.960,11.534,81.062,-626.849,14.351,-66.055,2,3.453,1.792,"",0.236,0.000,0.500,11.558,0.000,0.967,43.938
6.980,11.540,81.291,-626.840,14.397,-66.284,2,3.482,2.097,"",0.233,0.000,-0.500,11.570,0.000,0.969,43.709
7.000,11.546,81.521,-626.833,14.441,-66.514,2,3.498,1.955,"",0.230,0.000,-0.500,11.580,0.000,0.971,43.479
7.020,11.556,81.752,-626.829,14.482,-66.745,2,3.504,2.258,"",0.227,0.000,-0.500,11.591,0.000,0.973,43.248
7.040,11.571,81.984,-626.828,14.521,-66.977,2,3.534,2.081,"",0.222,0.000,-0.500,11.602,0.000,0.975,43.016
7.060,11.590,82.216,-626.830,14.557,-67.209,2,3.510,2.383,"",0.214,0.000,-0.500,11.615,0.000,0.978,42.784
7.080,11.609,82.449,-626.833,14.591,-67.442,2,3.551,2.407,"",0.205,0.000,-0.500,11.629,0.000,0.980,42.551
7.100,11.626,82.682,-626.837,14.623,-67.675,2,3.513,2.434,"",0.196,0.000,-0.500,11.645,0.000,0.982,42.318
7.120,11.639,82.916,-626.841,14.652,-67.910,2,3.550,2.702,"",0.187,0.000,-0.498,11.661,0.000,0.984,42.084
7.140,11.649,83.151,-626.843,14.679,-68.145,2,3.512,2.421,"",0.180,0.000,-0.468,11.677,0.000,0.985,41.849
7.160,11.657,83.387,-626.844,14.704,-68.380,2,3.518,2.695,"",0.175,0.000,0.444,11.690,0.000,0.987,41.614
7.180,11.667,83.623,-626.842,14.725,-68.616,2,3.484,2.389,"",0.171,0.000,0.422,11.703,0.000,0.989,41.378
7.200,11.681,83.859,-626.837,14.745,-68.853,2,3.455,2.668,"",0.166,0.000,0.404,11.716,0.000,0.990,41.141
7.220,11.698,84.096,-626.830,14.762,-69.089,2,3.419,2.334,"",0.160,0.000,0.386,11.729,0.000,0.992,40.904
7.240,11.718,84.333,-626.820,14.776,-69.327,2,3.345,2.616,"",0.151,0.000,0.363,11.743,0.000,0.993,40.667
7.260,11.738,84.571,-626.809,14.788,-69.564,2,3.302,2.242,"",0.141,0.000,0.335,11.760,0.000,0.994,40.429
7.280,11.757,84.809,-626.797,14.797,-69.802,2,3.178,2.527,"",0.131,0.000,0.303,11.777,0.000,0.995,40.191
7.300,11.774,85.048,-626.785,14.803,-70.041,2,3.130,2.113,"",0.122,0.000,0.269,11.795,0.000,0.996,39.952
7.320,11.789,85.287,-626.773,14.807,-70.280,2,2.959,2.400,"",0.113,0.000,0.233,11.812,0.000,0.997,39.713
7.340,11.804,85.527,-626.762,14.808,-70.520,2,2.910,2.293,"",0.105,0.000,0.199,11.830,0.000,0.998,39.473
7.360,11.818,85.767,-626.752,14.806,-70.759,2,2.724,2.195,"",0.098,0.000,0.168,11.847,0.000,0.999,39.233
7.380,11.834,86.007,-626.745,14.801,-70.999,2,2.650,2.431,"",0.091,0.000,-0.130,11.863,0.000,0.999,38.993
7.400,11.827,86.247,-626.737,14.792,-71.239,0,0.000,0.424,"",0.083,0.000,-0.109,11.864,0.000,1.000,38.753
7.420,11.821,86.487,-626.729,14.779,-71.479,0,0.000,0.455,"",0.087,0.000,-0.096,11.869,0.000,1.000,38.513
7.440,11.818,86.727,-626.722,14.763,-71.719,0,0.000,0.485,"",0.089,0.000,-0.094,11.876,0.000,1.000,38.273
7.460,11.816,86.967,-626.714,14.742,-71.958,0,0.000,0.512,"",0.091,0.000,-0.104,11.887,0.000,1.000,38.033
7.480,11.816,87.206,-626.707,14.717,-72.198,0,0.000,0.539,"",0.092,0.000,-0.122,11.901,0.000,1.000,37.794
7.500,11.817,87.445,-626.699,14.689,-72.437,0,0.000,0.564,"",0.092,0.000,-0.145,11.918,0.000,1.000,37.555
7.520,11.820,87.684,-626.691,14.656,-72.676,0,0.000,0.587,"",0.091,0.000,-0.170,11.938,0.000,1.000,37.316
7.540,11.825,87.923,-626.684,14.620,-72.915,0,0.000,0.609,"",0.090,0.000,-0.197,11.961,0.000,0.999,37.077
7.560,11.831,88.162,-626.676,14.580,-73.153,0,0.000,0.629,"",0.088,0.000,-0.225,11.988,0.000,0.999,36.838
7.580,11.838,88.401,-626.669,14.535,-73.392,0,0.000,0.647,"",0.085,0.000,-0.253,12.018,0.000,0.999,36.599
7.600,11.846,88.639,-626.662,14.487,-73.630,0,0.000,0.665,"",0.081,0.000,-0.281,12.051,0.000,0.998,36.361
7.620,11.856,88.877,-626.654,14.435,-73.868,0,0.000,0.680,"",0.077,0.000,-0.309,12.086,0.000,0.998,36.123
7.640,11.867,89.115,-626.647,14.379,-74.106,0,0.000,0.694,"",0.072,0.000,-0.336,12.125,0.000,0.997,35.885
7.660,11.878,89.353,-626.639,14.319,-74.344,0,0.000,0.707,"",0.067,0.000,-0.363,12.167,0.000,0.996,35.647
7.680,11.890,89.591,-626.632,14.255,-74.582,0,0.000,0.718,"",0.061,0.000,-0.390,12.212,0.000,0.996,35.409
7.700,11.903,89.828,-626.624,14.188,-74.819,0,0.000,0.728,"",0.055,0.000,-0.416,12.259,0.000,0.995,35.172
7.720,11.917,90.065,-626.617,14.116,-75.056,0,0.000,0.736,"",0.048,0.000,-0.441,12.310,0.000,0.995,34.935
7.740,11.931,90.302,-626.610,14.040,-75.293,0,0.000,0.743,"",0.041,0.000,-0.467,12.363,0.000,0.994,34.698
7.760,11.946,90.539,-626.602,13.961,-75.530,0,0.000,0.749,"",0.034,0.000,-0.491,12.420,0.000,0.993,34.461
7.780,11.961,90.776,-626.595,13.878,-75.767,0,0.000,0.753,"",0.027,0.000,-0.500,12.479,0.000,0.993,34.224
7.800,11.975,91.013,-626.588,13.791,-76.003,0,0.000,0.756,"",0.020,0.000,-0.500,12.540,0.000,0.992,33.987
7.820,11.990,91.249,-626.580,13.699,-76.239,0,0.000,0.758,"",0.012,0.000,-0.500,12.605,0.000,0.992,33.751
7.840,12.005,91.485,-626.573,13.605,-76.475,0,0.000,0.758,"",0.005,0.000,-0.500,12.672,0.000,0.991,33.515
7.860,12.020,91.721,-626.566,13.506,-76.711,0,0.000,0.757,"",0.000,0.000,-0.500,12.741,0.000,0.990,33.279
7.880,12.034,91.957,-626.558,13.403,-76.947,0,0.000,0.755,"",0.000,0.000,-0.500,12.813,0.000,0.990,33.043
7.900,12.048,92.192,-626.551,13.296,-77.182,0,0.000,0.752,"",0.000,0.000,-0.500,12.888,0.000,0.990,32.808
7.920,12.061,92.428,-626.544,13.186,-77.418,0,0.000,0.748,"",0.000,0.000,-0.500,12.965,0.000,0.989,32.572
7.940,12.073,92.663,-626.537,13.072,-77.653,0,0.000,0.742,"",0.000,0.000,-0.500,13.045,0.000,0.989,32.337
7.960,12.085,92.898,-626.529,12.954,-77.888,0,0.000,0.736,"",0.000,0.000,-0.500,13.126,0.000,0.988,32.102
7.980,12.095,93.133,-626.522,12.831,-78.123,0,0.000,0.729,"",0.000,0.000,-0.500,13.210,0.000,0.988,31.867
8.000,12.105,93.368,-626.515,12.706,-78.357,0,0.000,0.720,"",0.000,0.000,-0.500,13.297,0.000,0.988,31.632
8.020,12.113,93.602,-626.507,12.576,-78.592,0,0.000,0.711,"",0.000,0.000,-0.500,13.385,0.000,0.988,31.398
8.040,12.120,93.837,-626.500,12.442,-78.826,0,0.000,0.701,"",0.000,0.000,-0.500,13.476,0.000,0.987,31.163
8.060,12.140,94.072,-626.493,12.308,-79.062,1,9.676,0.690,"",0.000,0.000,-0.500,13.500,0.000,0.987,30.928
8.080,12.108,94.306,-626.497,12.180,-79.295,2,19.898,0.715,"",0.000,0.000,-0.500,13.194,0.000,0.985,30.694
8.100,12.096,94.537,-626.512,12.060,-79.527,3,29.420,2.121,"Takeoff - 40m x 6m, 6.2m rise:(0.00, 0.97, -0.24)",0.000,0.000,-0.500,12.861,0.000,0.982,30.463
8.120,12.076,94.765,-626.536,11.952,-79.755,4,38.345,3.110,"Takeoff - 40m x 6m, 6.2m rise:(0.00, 0.97, -0.24)",0.000,0.000,-0.500,12.541,0.000,0.980,30.235
8.140,12.043,94.992,-626.568,11.855,-79.983,4,35.746,2.813,"Takeoff - 40m x 6m, 6.2m rise:(0.00, 0.97, -0.24)",0.000,0.000,-0.500,12.308,0.000,0.978,30.008
8.160,11.999,95.218,-626.604,11.769,-80.209,4,33.160,2.486,"Takeoff - 40m x 6m, 6.2m rise:(0.00, 0.97, -0.23)",0.000,0.000,-0.500,12.137,0.000,0.976,29.782
8.180,11.944,95.443,-626.643,11.691,-80.435,4,30.627,2.184,"Takeoff - 40m x 6m, 6.2m rise:(0.00, 0.97, -0.23)",0.000,0.000,-0.500,12.009,0.000,0.975,29.557
8.200,11.887,95.668,-626.682,11.621,-80.661,4,28.175,1.893,"Takeoff - 40m x 6m, 6.2m rise:(0.00, 0.97, -0.23)",0.028,0.000,-0.500,11.915,0.000,0.973,29.332
8.220,11.937,95.896,-626.720,11.557,-80.889,4,25.828,1.596,"Takeoff - 40m x 6m, 6.2m rise:(0.00, 0.97, -0.22)",0.057,0.000,-0.500,11.952,0.000,0.972,29.104
8.240,11.865,96.123,-626.757,11.499,-81.117,4,23.592,1.361,"Takeoff - 40m x 6m, 6.2m rise:(0.00, 0.98, -0.22)",0.032,0.000,-0.500,11.884,0.000,0.972,28.877
8.260,11.906,96.353,-626.791,11.445,-81.348,4,21.513,1.106,"Takeoff - 40m x 6m, 6.2m rise:(0.00, 0.98, -0.22)",0.067,0.000,-0.500,11.937,0.000,0.971,28.647
8.280,11.829,96.583,-626.821,11.395,-81.578,4,19.557,0.913,"Takeoff - 40m x 6m, 6.2m rise:(0.00, 0.98, -0.22)",0.047,0.000,-0.500,11.876,0.000,0.971,28.417
8.300,11.866,96.815,-626.846,11.348,-81.811,4,17.799,0.706,"Takeoff - 40m x 6m, 6.2m rise:(0.00, 0.98, -0.22)",0.085,0.000,-0.500,11.930,0.000,0.971,28.185
8.320,11.895,97.049,-626.867,11.303,-82.045,4,16.168,0.543,"Takeoff - 40m x 6m, 6.2m rise:(0.00, 0.98, -0.21)",0.067,0.000,-0.500,11.976,0.000,0.971,27.951
8.340,11.918,97.285,-626.882,11.260,-82.281,4,14.728,0.403,"Takeoff - 40m x 6m, 6.2m rise:(0.00, 0.98, -0.21)",0.052,0.000,-0.500,12.012,0.000,0.971,27.715
8.360,11.832,97.519,-626.892,11.219,-82.515,4,13.443,0.280,"Takeoff - 40m x 6m, 6.2m rise:(0.00, 0.98, -0.21)",0.041,0.000,0.500,11.935,0.000,0.972,27.481
8.380,11.871,97.754,-626.896,11.179,-82.751,4,12.362,0.200,"Takeoff - 40m x 6m, 6.2m rise:(0.00, 0.98, -0.21)",0.084,0.000,0.500,11.972,0.000,0.972,27.246
8.400,11.914,97.991,-626.894,11.140,-82.987,4,11.405,0.155,"Takeoff - 40m x 6m, 6.2m rise:(0.00, 0.98, -0.21)",0.064,0.000,0.500,12.004,0.000,0.973,27.009
8.420,11.853,98.225,-626.887,11.101,-83.222,4,10.611,0.142,"Takeoff - 40m x 6m, 6.2m rise:(0.00, 0.98, -0.21)",0.043,0.000,0.500,11.927,0.000,0.973,26.775
8.440,11.916,98.461,-626.875,11.062,-83.457,4,9.977,0.201,"Takeoff - 40m x 6m, 6.2m rise:(0.00, 0.98, -0.21)",0.074,0.000,0.500,11.969,0.000,0.974,26.539
8.460,11.866,98.695,-626.860,11.023,-83.691,4,9.452,0.193,"Takeoff - 40m x 6m, 6.2m rise:(0.00, 0.98, -0.20)",0.042,0.000,0.500,11.902,0.000,0.974,26.305
8.480,11.930,98.929,-626.843,10.984,-83.925,4,9.071,0.259,"Takeoff - 40m x 6m, 6.2m rise:(0.00, 0.98, -0.20)",0.067,0.000,0.500,11.954,0.000,0.975,26.071
8.500,11.874,99.163,-626.825,10.945,-84.158,4,8.769,0.258,"Takeoff - 40m x 6m, 6.2m rise:(0.00, 0.98, -0.20)",0.035,0.000,0.500,11.893,0.000,0.975,25.837
8.520,11.929,99.397,-626.807,10.905,-84.393,4,8.593,0.293,"Takeoff - 40m x 6m, 6.2m rise:(0.00, 0.98, -0.20)",0.063,0.000,0.500,11.947,0.000,0.976,25.603
8.540,11.863,99.631,-626.790,10.865,-84.626,4,8.467,0.281,"Takeoff - 40m x 6m, 6.2m rise:(0.00, 0.98, -0.20)",0.036,0.000,0.500,11.885,0.000,0.976,25.369
8.560,11.908,99.865,-626.775,10.825,-84.860,4,8.448,0.305,"Takeoff - 40m x 6m, 6.2m rise:(0.00, 0.98, -0.19)",0.068,0.000,0.500,11.937,0.000,0.977,25.135
8.580,11.837,100.098,-626.762,10.784,-85.093,4,8.453,0.305,"Takeoff - 40m x 6m, 6.2m rise:(0.00, 0.98, -0.19)",0.046,0.000,-0.500,11.872,0.000,0.977,24.902
8.600,11.883,100.332,-626.753,10.742,-85.326,4,8.542,0.302,"Takeoff - 40m x 6m, 6.2m rise:(0.00, 0.98, -0.19)",0.081,0.000,-0.500,11.919,0.000,0.978,24.668
8.620,11.927,100.567,-626.748,10.700,-85.561,4,8.634,0.296,"Takeoff - 40m x 6m, 6.2m rise:(0.00, 0.98, -0.19)",0.058,0.000,-0.500,11.959,0.000,0.978,24.433
8.640,11.862,100.800,-626.746,10.658,-85.795,4,8.778,0.289,"Takeoff - 40m x 6m, 6.2m rise:(0.00, 0.98, -0.19)",0.037,0.000,-0.500,11.887,0.000,0.979,24.200
8.660,11.918,101.034,-626.747,10.616,-86.029,4,8.943,0.299,"Takeoff - 40m x 6m, 6.2m rise:(0.00, 0.98, -0.19)",0.069,0.000,-0.500,11.932,0.000,0.979,23.966
8.680,11.860,101.267,-626.750,10.573,-86.262,4,9.120,0.265,"Takeoff - 40m x 6m, 6.2m rise:(0.00, 0.98, -0.18)",0.041,0.000,-0.500,11.867,0.000,0.980,23.733
8.700,11.916,101.501,-626.755,10.530,-86.496,4,9.310,0.274,"Takeoff - 40m x 6m, 6.2m rise:(0.00, 0.98, -0.18)",0.070,0.000,-0.500,11.919,0.000,0.980,23.499
8.720,11.854,101.734,-626.759,10.487,-86.728,4,9.496,0.238,"Takeoff - 40m x 6m, 6.2m rise:(0.00, 0.98, -0.18)",0.042,0.000,-0.500,11.857,0.000,0.980,23.267
8.740,11.903,101.967,-626.763,10.445,-86.962,4,9.688,0.269,"Takeoff - 40m x 6m, 6.2m rise:(0.00, 0.98, -0.18)",0.073,0.000,-0.500,11.910,0.000,0.981,23.033
8.760,11.833,102.200,-626.766,10.402,-87.194,4,9.861,0.211,"Takeoff - 40m x 6m, 6.2m rise:(0.00, 0.98, -0.18)",0.049,0.000,-0.500,11.847,0.000,0.981,22.800
8.780,11.876,102.433,-626.766,10.359,-87.428,4,10.040,0.246,"Takeoff - 40m x 6m, 6.2m rise:(0.00, 0.98, -0.18)",0.084,0.000,0.482,11.898,0.000,0.981,22.567
8.800,11.914,102.668,-626.762,10.317,-87.662,4,10.184,0.193,"Takeoff - 40m x 6m, 6.2m rise:(0.00, 0.98, -0.17)",0.062,0.000,0.486,11.939,0.000,0.982,22.333
8.820,11.843,102.901,-626.756,10.275,-87.895,4,10.327,0.229,"Takeoff - 40m x 6m, 6.2m rise:(0.00, 0.98, -0.17)",0.043,0.000,0.493,11.867,0.000,0.982,22.099
8.840,11.893,103.135,-626.747,10.233,-88.129,4,10.456,0.201,"Takeoff - 40m x 6m, 6.2m rise:(0.00, 0.99, -0.17)",0.079,0.000,0.500,11.911,0.000,0.983,21.866
8.860,11.941,103.369,-626.734,10.191,-88.364,4,10.567,0.216,"Takeoff - 40m x 6m, 6.2m rise:(0.00, 0.99, -0.17)",0.053,0.000,0.500,11.950,0.000,0.983,21.631
8.880,11.876,103.602,-626.720,10.150,-88.597,4,10.652,0.188,"Takeoff - 40m x 6m, 6.2m rise:(0.00, 0.99, -0.17)",0.030,0.000,0.494,11.879,0.000,0.983,21.398
8.900,11.925,103.837,-626.704,10.109,-88.831,4,10.754,0.204,"Takeoff - 40m x 6m, 6.2m rise:(0.00, 0.99, -0.17)",0.062,0.000,0.482,11.926,0.000,0.984,21.163
8.920,11.857,104.070,-626.689,10.069,-89.063,4,10.809,0.196,"Takeoff - 40m x 6m, 6.2m rise:(0.00, 0.99, -0.16)",0.037,0.000,0.468,11.859,0.000,0.984,20.930
8.940,11.902,104.304,-626.674,10.030,-89.297,4,10.881,0.190,"Takeoff - 40m x 6m, 6.2m rise:(0.00, 0.99, -0.16)",0.071,0.000,0.455,11.909,0.000,0.984,20.696
8.960,11.830,104.537,-626.661,9.990,-89.530,4,10.910,0.184,"Takeoff - 40m x 6m, 6.2m rise:(0.00, 0.99, -0.16)",0.049,0.000,0.445,11.843,0.000,0.984,20.463
8.980,11.872,104.771,-626.651,9.952,-89.764,4,10.957,0.180,"Takeoff - 40m x 6m, 6.2m rise:(0.00, 0.99, -0.16)",0.085,0.000,-0.472,11.891,0.000,0.985,20.229
9.000,11.909,105.006,-626.643,9.913,-89.999,4,10.963,0.199,"Takeoff - 40m x 6m, 6.2m rise:(0.00, 0.99, -0.16)",0.064,0.000,-0.471,11.930,0.000,0.985,19.994
9.020,11.837,105.239,-626.638,9.876,-90.232,4,10.977,0.173,"Takeoff - 40m x 6m, 6.2m rise:(0.00, 0.99, -0.15)",0.046,0.000,-0.475,11.857,0.000,0.985,19.761
9.040,11.887,105.474,-626.636,9.838,-90.467,4,10.985,0.193,"Takeoff - 40m x 6m, 6.2m rise:(0.00, 0.99, -0.15)",0.081,0.000,-0.477,11.900,0.000,0.986,19.526
9.060,11.933,105.709,-626.637,9.802,-90.702,4,10.980,0.169,"Takeoff - 40m x 6m, 6.2m rise:(0.00, 0.99, -0.15)",0.057,0.000,-0.474,11.939,0.000,0.986,19.291
9.080,11.865,105.943,-626.639,9.765,-90.936,4,10.967,0.210,"Takeoff - 40m x 6m, 6.2m rise:(0.00, 0.99, -0.15)",0.034,0.000,-0.467,11.867,0.000,0.986,19.057
9.100,11.912,106.178,-626.642,9.730,-91.172,4,10.965,0.161,"Takeoff - 40m x 6m, 6.2m rise:(0.00, 0.99, -0.15)",0.068,0.000,-0.456,11.913,0.000,0.987,18.822
9.120,11.842,106.412,-626.644,9.694,-91.405,4,10.948,0.204,"Takeoff - 40m x 6m, 6.2m rise:(0.00, 0.99, -0.15)",0.044,0.000,-0.445,11.845,0.000,0.987,18.588
9.140,11.884,106.647,-626.646,9.660,-91.640,4,10.936,0.156,"Takeoff - 40m x 6m, 6.2m rise:(0.00, 0.99, -0.14)",0.079,0.000,-0.437,11.893,0.000,0.987,18.353
9.160,11.919,106.882,-626.646,9.625,-91.876,4,10.920,0.200,"Takeoff - 40m x 6m, 6.2m rise:(0.00, 0.99, -0.14)",0.058,0.000,0.398,11.932,0.000,0.987,18.118
9.180,11.842,107.117,-626.643,9.592,-92.110,4,10.892,0.175,"Takeoff - 40m x 6m, 6.2m rise:(0.00, 0.99, -0.14)",0.041,0.000,0.399,11.858,0.000,0.988,17.884
9.200,11.885,107.352,-626.638,9.558,-92.345,4,10.893,0.196,"Takeoff - 40m x 6m, 6.2m rise:(0.00, 0.99, -0.14)",0.079,0.000,0.403,11.900,0.000,0.988,17.648
9.220,11.926,107.588,-626.630,9.525,-92.581,4,10.862,0.193,"Takeoff - 40m x 6m, 6.2m rise:(0.00, 0.99, -0.14)",0.058,0.000,0.405,11.936,0.000,0.988,17.413
9.240,11.856,107.822,-626.621,9.493,-92.815,4,10.850,0.191,"Takeoff - 40m x 6m, 6.2m rise:(0.00, 0.99, -0.14)",0.037,0.000,0.402,11.861,0.000,0.988,17.178
9.260,11.902,108.057,-626.610,9.461,-93.050,4,10.838,0.188,"Takeoff - 40m x 6m, 6.2m rise:(0.00, 0.99, -0.13)",0.072,0.000,0.395,11.904,0.000,0.989,16.943
9.280,11.833,108.291,-626.599,9.429,-93.284,4,10.827,0.185,"Takeoff - 40m x 6m, 6.2m rise:(0.00, 0.99, -0.13)",0.049,0.000,0.384,11.835,0.000,0.989,16.709
9.300,11.878,108.526,-626.587,9.398,-93.519,4,10.817,0.183,"Takeoff - 40m x 6m, 6.2m rise:(0.00, 0.99, -0.13)",0.083,0.000,0.374,11.882,0.000,0.989,16.474
9.320,11.915,108.762,-626.577,9.368,-93.755,4,10.809,0.181,"Takeoff - 40m x 6m, 6.2m rise:(0.00, 0.99, -0.13)",0.061,0.000,0.365,11.921,0.000,0.990,16.238
9.340,11.837,108.997,-626.569,9.337,-93.989,4,10.790,0.179,"Takeoff - 40m x 6m, 6.2m rise:(0.00, 0.99, -0.13)",0.043,0.000,-0.388,11.847,0.000,0.990,16.004
9.360,11.878,109.232,-626.562,9.308,-94.224,4,10.802,0.178,"Takeoff - 40m x 6m, 6.2m rise:(0.00, 0.99, -0.12)",0.081,0.000,-0.386,11.889,0.000,0.990,15.768
9.380,11.916,109.468,-626.557,9.278,-94.460,4,10.786,0.199,"Takeoff - 40m x 6m, 6.2m rise:(0.00, 0.99, -0.12)",0.061,0.000,-0.386,11.925,0.000,0.990,15.532
9.400,11.843,109.703,-626.555,9.249,-94.695,4,10.784,0.174,"Takeoff - 40m x 6m, 6.2m rise:(0.00, 0.99, -0.12)",0.042,0.000,-0.384,11.849,0.000,0.991,15.297
9.420,11.888,109.938,-626.553,9.221,-94.931,4,10.790,0.216,"Takeoff - 40m x 6m, 6.2m rise:(0.00, 0.99, -0.12)",0.078,0.000,-0.379,11.891,0.000,0.991,15.062
9.440,11.926,110.175,-626.553,9.192,-95.167,4,10.785,0.168,"Takeoff - 40m x 6m, 6.2m rise:(0.00, 0.99, -0.12)",0.056,0.000,-0.371,11.927,0.000,0.991,14.825
9.460,11.850,110.410,-626.552,9.165,-95.402,4,10.783,0.211,"Takeoff - 40m x 6m, 6.2m rise:(0.00, 0.99, -0.12)",0.037,0.000,-0.363,11.852,0.000,0.991,14.590
9.480,11.888,110.645,-626.551,9.137,-95.638,4,10.792,0.163,"Takeoff - 40m x 6m, 6.2m rise:(0.00, 0.99, -0.11)",0.075,0.000,-0.356,11.893,0.000,0.991,14.355
9.500,11.920,110.882,-626.549,9.110,-95.874,4,10.795,0.207,"Takeoff - 40m x 6m, 6.2m rise:(0.00, 0.99, -0.11)",0.056,0.000,0.323,11.928,0.000,0.992,14.118
9.520,11.841,111.117,-626.545,9.084,-96.109,4,10.790,0.181,"Takeoff - 40m x 6m, 6.2m rise:(0.00, 0.99, -0.11)",0.040,0.000,0.323,11.850,0.000,0.992,13.883
9.540,11.881,111.353,-626.539,9.058,-96.345,4,10.812,0.202,"Takeoff - 40m x 6m, 6.2m rise:(0.00, 0.99, -0.11)",0.080,0.000,0.325,11.888,0.000,0.992,13.647
9.560,11.918,111.589,-626.532,9.032,-96.581,4,10.803,0.198,"Takeoff - 40m x 6m, 6.2m rise:(0.00, 0.99, -0.11)",0.059,0.000,0.323,11.922,0.000,0.992,13.411
9.580,11.842,111.824,-626.523,9.007,-96.816,4,10.812,0.196,"Takeoff - 40m x 6m, 6.2m rise:(0.00, 0.99, -0.10)",0.041,0.000,0.318,11.844,0.000,0.993,13.176
9.600,11.883,112.060,-626.514,8.982,-97.052,4,10.819,0.193,"Takeoff - 40m x 6m, 6.2m rise:(0.00, 0.99, -0.10)",0.079,0.000,0.310,11.885,0.000,0.993,12.940
9.620,11.917,112.297,-626.505,8.957,-97.288,4,10.826,0.191,"Takeoff - 40m x 6m, 6.2m rise:(0.00, 0.99, -0.10)",0.058,0.000,0.301,11.919,0.000,0.993,12.704
9.640,11.838,112.532,-626.496,8.933,-97.523,4,10.820,0.188,"Takeoff - 40m x 6m, 6.2m rise:(0.00, 1.00, -0.10)",0.041,0.000,0.293,11.841,0.000,0.993,12.468
9.660,11.874,112.767,-626.489,8.910,-97.759,4,10.843,0.187,"Takeoff - 40m x 6m, 6.2m rise:(0.00, 1.00, -0.10)",0.081,0.000,0.287,11.881,0.000,0.993,12.233
9.680,11.905,113.004,-626.483,8.887,-97.996,4,10.834,0.186,"Takeoff - 40m x 6m, 6.2m rise:(0.00, 1.00, -0.10)",0.063,0.000,-0.309,11.913,0.000,0.994,11.996
9.700,11.826,113.239,-626.478,8.864,-98.231,4,10.842,0.184,"Takeoff - 40m x 6m, 6.2m rise:(0.00, 1.00, -0.09)",0.047,0.000,-0.309,11.834,0.000,0.994,11.761
9.720,11.866,113.475,-626.476,8.842,-98.467,4,10.850,0.205,"Takeoff - 40m x 6m, 6.2m rise:(0.00, 1.00, -0.09)",0.087,0.000,-0.309,11.872,0.000,0.994,11.525
9.740,11.902,113.712,-626.475,8.820,-98.703,4,10.854,0.180,"Takeoff - 40m x 6m, 6.2m rise:(0.00, 1.00, -0.09)",0.067,0.000,-0.306,11.905,0.000,0.994,11.288
9.760,11.825,113.947,-626.475,8.799,-98.938,4,10.848,0.201,"Takeoff - 40m x 6m, 6.2m rise:(0.00, 1.00, -0.09)",0.049,0.000,-0.299,11.827,0.000,0.994,11.053
9.780,11.865,114.183,-626.475,8.778,-99.174,4,10.865,0.175,"Takeoff - 40m x 6m, 6.2m rise:(0.00, 1.00, -0.09)",0.087,0.000,-0.291,11.866,0.000,0.995,10.818
9.800,11.898,114.419,-626.475,8.757,-99.411,4,10.860,0.218,"Takeoff - 40m x 6m, 6.2m rise:(0.00, 1.00, -0.09)",0.068,0.000,-0.283,11.900,0.000,0.995,10.581
9.820,11.925,114.656,-626.474,8.737,-99.648,4,10.859,0.169,"Takeoff - 40m x 6m, 6.2m rise:(0.00, 1.00, -0.08)",0.051,0.000,-0.276,11.929,0.000,0.995,10.344
9.840,11.840,114.892,-626.472,8.717,-99.884,4,10.861,0.213,"Takeoff - 40m x 6m, 6.2m rise:(0.00, 1.00, -0.08)",0.038,0.000,0.244,11.846,0.000,0.995,10.108
9.860,11.874,115.128,-626.469,8.698,-100.120,4,10.871,0.166,"Takeoff - 40m x 6m, 6.2m rise:(0.00, 1.00, -0.08)",0.080,0.000,0.243,11.880,0.000,0.995,9.872
9.880,11.905,115.365,-626.465,8.679,-100.357,4,10.873,0.210,"Takeoff - 40m x 6m, 6.2m rise:(0.00, 1.00, -0.08)",0.063,0.000,0.242,11.910,0.000,0.996,9.635
9.900,11.825,115.600,-626.459,8.661,-100.592,4,10.865,0.184,"Takeoff - 40m x 6m, 6.2m rise:(0.00, 1.00, -0.07)",0.047,0.000,0.239,11.828,0.000,0.996,9.400
9.920,11.863,115.837,-626.452,8.643,-100.828,4,10.885,0.205,"Takeoff - 40m x 6m, 6.2m rise:(0.00, 1.00, -0.07)",0.087,0.000,0.233,11.865,0.000,0.996,9.164
9.940,11.895,116.073,-626.445,8.625,-101.065,4,10.873,0.201,"Takeoff - 40m x 6m, 6.2m rise:(0.00, 1.00, -0.07)",0.069,0.000,0.226,11.896,0.000,0.996,8.927
9.960,11.921,116.311,-626.438,8.608,-101.302,4,10.878,0.198,"Takeoff - 40m x 6m, 6.2m rise:(0.00, 1.00, -0.07)",0.053,0.000,0.218,11.923,0.000,0.996,8.689
9.980,11.836,116.546,-626.431,8.592,-101.538,4,10.870,0.195,"Takeoff - 40m x 6m, 6.2m rise:(0.00, 1.00, -0.07)",0.039,0.000,0.212,11.839,0.000,0.996,8.454
10.000,11.869,116.783,-626.426,8.575,-101.774,4,10.889,0.193,"Takeoff - 40m x 6m, 6.2m rise:(0.00, 1.00, -0.07)",0.082,0.000,-0.233,11.873,0.000,0.997,8.217
10.020,11.898,117.020,-626.421,8.560,-102.011,4,10.878,0.191,"Takeoff - 40m x 6m, 6.2m rise:(0.00, 1.00, -0.06)",0.066,0.000,-0.230,11.901,0.000,0.997,7.980
10.040,11.923,117.257,-626.417,8.544,-102.248,4,10.882,0.190,"Takeoff - 40m x 6m, 6.2m rise:(0.00, 1.00, -0.06)",0.051,0.000,-0.227,11.926,0.000,0.997,7.743
10.060,11.838,117.493,-626.414,8.529,-102.484,4,10.874,0.188,"Takeoff - 40m x 6m, 6.2m rise:(0.00, 1.00, -0.06)",0.038,0.000,-0.222,11.839,0.000,0.997,7.507
10.080,11.871,117.729,-626.411,8.515,-102.721,4,10.895,0.187,"Takeoff - 40m x 6m, 6.2m rise:(0.00, 1.00, -0.06)",0.081,0.000,-0.216,11.872,0.000,0.997,7.271
10.100,11.898,117.966,-626.409,8.501,-102.958,4,10.884,0.186,"Takeoff - 40m x 6m, 6.2m rise:(0.00, 1.00, -0.06)",0.065,0.000,-0.209,11.900,0.000,0.997,7.034
10.120,11.921,118.204,-626.406,8.487,-103.195,4,10.889,0.184,"Takeoff - 40m x 6m, 6.2m rise:(0.00, 1.00, -0.06)",0.051,0.000,0.179,11.923,0.000,0.997,6.796
10.140,11.834,118.440,-626.402,8.474,-103.431,4,10.883,0.226,"Takeoff - 40m x 6m, 6.2m rise:(0.00, 1.00, -0.05)",0.039,0.000,0.175,11.836,0.000,0.998,6.560
10.160,11.866,118.676,-626.397,8.461,-103.667,4,10.899,0.177,"Takeoff - 40m x 6m, 6.2m rise:(0.00, 1.00, -0.05)",0.083,0.000,0.171,11.868,0.000,0.998,6.324
10.180,11.893,118.913,-626.393,8.449,-103.904,4,10.892,0.220,"Takeoff - 40m x 6m, 6.2m rise:(0.00, 1.00, -0.05)",0.067,0.000,0.166,11.895,0.000,0.998,6.087
10.200,11.916,119.151,-626.388,8.437,-104.142,4,10.890,0.172,"Takeoff - 40m x 6m, 6.2m rise:(0.00, 1.00, -0.05)",0.053,0.000,0.161,11.918,0.000,0.998,5.849
10.220,11.828,119.387,-626.383,8.426,-104.378,4,10.889,0.216,"Takeoff - 40m x 6m, 6.2m rise:(0.00, 1.00, -0.05)",0.042,0.000,0.156,11.830,0.000,0.998,5.613
10.240,11.859,119.623,-626.379,8.415,-104.614,4,10.899,0.168,"Takeoff - 40m x 6m, 6.2m rise:(0.00, 1.00, -0.04)",0.086,0.000,-0.176,11.861,0.000,0.998,5.377
10.260,11.886,119.860,-626.375,8.404,-104.851,4,10.898,0.213,"Ground_80_320:(0.00, 1.00, 0.00)",0.071,0.000,-0.172,11.887,0.000,0.998,5.140
10.280,11.908,120.098,-626.371,8.394,-105.088,4,10.890,0.165,"Ground_80_320:(0.00, 1.00, 0.00)",0.057,0.000,-0.167,11.910,0.000,0.998,4.902
10.300,11.820,120.333,-626.367,8.384,-105.324,4,10.896,0.211,"Ground_80_320:(0.00, 1.00, 0.00)",0.046,0.000,-0.162,11.822,0.000,0.998,4.667
10.320,11.851,120.570,-626.364,8.375,-105.560,4,10.902,0.206,"Ground_80_320:(0.00, 1.00, 0.00)",0.090,0.000,-0.157,11.852,0.000,0.999,4.430
10.340,11.877,120.807,-626.360,8.366,-105.797,4,10.904,0.203,"Ground_80_320:(0.00, 1.00, 0.00)",0.075,0.000,0.127,11.879,0.000,0.999,4.193
10.360,11.899,121.044,-626.356,8.358,-106.035,4,10.894,0.200,"Ground_80_320:(0.00, 1.00, 0.00)",0.062,0.000,0.124,11.901,0.000,0.999,3.956
10.380,11.918,121.282,-626.351,8.350,-106.272,4,10.899,0.198,"Ground_80_320:(0.00, 1.00, 0.00)",0.050,0.000,0.119,11.920,0.000,0.999,3.718
10.400,11.827,121.518,-626.347,8.343,-106.508,4,10.891,0.195,"Ground_80_320:(0.00, 1.00, 0.00)",0.041,0.000,0.114,11.828,0.000,0.999,3.482
10.420,11.855,121.754,-626.342,8.335,-106.745,4,10.911,0.193,"Ground_80_320:(0.00, 1.00, 0.00)",0.086,0.000,0.109,11.856,0.000,0.999,3.246
10.440,11.879,121.991,-626.337,8.329,-106.982,4,10.899,0.192,"Ground_80_320:(0.00, 1.00, 0.00)",0.072,0.000,0.104,11.880,0.000,0.999,3.009
10.460,11.899,122.229,-626.333,8.323,-107.219,4,10.904,0.190,"Ground_80_320:(0.00, 1.00, 0.00)",0.061,0.000,-0.124,11.901,0.000,0.999,2.771
10.480,11.916,122.466,-626.329,8.317,-107.457,4,10.895,0.189,"Ground_80_320:(0.00, 1.00, 0.00)",0.051,0.000,-0.119,11.918,0.000,0.999,2.534
10.500,11.824,122.702,-626.325,8.312,-107.693,4,10.902,0.188,"Ground_80_320:(0.00, 1.00, 0.00)",0.042,0.000,-0.115,11.825,0.000,0.999,2.298
10.520,11.850,122.939,-626.322,8.307,-107.929,4,10.909,0.187,"Ground_80_320:(0.00, 1.00, 0.00)",0.088,0.000,-0.110,11.852,0.000,0.999,2.061
10.540,11.873,123.176,-626.318,8.302,-108.166,4,10.912,0.185,"Ground_80_320:(0.00, 1.00, 0.00)",0.075,0.000,0.080,11.874,0.000,0.999,1.824
10.560,11.892,123.413,-626.314,8.298,-108.403,4,10.904,0.227,"Ground_80_320:(0.00, 1.00, 0.00)",0.064,0.000,0.075,11.894,0.000,0.999,1.587
10.580,11.908,123.651,-626.310,8.295,-108.641,4,10.907,0.178,"Ground_80_320:(0.00, 1.00, 0.00)",0.054,0.000,0.071,11.910,0.000,1.000,1.349
10.600,11.815,123.886,-626.306,8.292,-108.877,4,10.904,0.221,"Ground_80_320:(0.00, 1.00, 0.00)",0.046,0.000,0.066,11.816,0.000,1.000,1.114
10.620,11.841,124.123,-626.302,8.289,-109.113,4,10.915,0.173,"Ground_80_320:(0.00, 1.00, -0.01)",0.092,0.000,-0.086,11.842,0.000,1.000,0.877
10.640,11.863,124.360,-626.298,8.287,-109.350,4,10.911,0.217,"Ground_80_240:(0.00, 1.00, 0.00)",0.079,0.000,-0.081,11.865,0.000,1.000,0.641
10.660,11.882,124.597,-626.294,8.285,-109.587,4,10.893,0.190,"Ground_80_240:(0.00, 1.00, 0.00)",0.068,0.000,-0.076,11.883,0.000,1.000,0.403
10.680,11.898,124.834,-626.290,8.284,-109.824,4,10.881,0.231,"Ground_80_240:(0.00, 1.00, 0.00)",0.059,0.000,0.047,11.899,0.000,1.000,0.166
10.700,11.911,125.072,-626.286,8.283,-110.062,4,10.843,0.243,"Ground_80_240:(0.00, 1.00, 0.00)",0.051,0.000,0.042,11.913,0.000,1.000,-0.072
10.720,11.815,125.308,-626.282,8.282,-110.298,4,10.810,0.251,"Ground_80_240:(0.00, 1.00, 0.00)",0.044,0.000,0.038,11.817,0.000,1.000,-0.308
10.740,11.839,125.544,-626.278,8.282,-110.534,4,10.763,0.274,"Ground_80_240:(0.00, 1.00, 0.00)",0.092,0.000,0.033,11.840,0.000,1.000,-0.544
10.760,11.859,125.781,-626.274,8.282,-110.771,4,10.707,0.248,"Ground_80_240:(0.00, 1.00, 0.00)",0.080,0.000,0.029,11.861,0.000,1.000,-0.781
10.780,11.877,126.018,-626.270,8.283,-111.008,4,10.634,0.261,"Ground_80_240:(0.00, 1.00, 0.00)",0.070,0.000,-0.049,11.878,0.000,1.000,-1.018
10.800,11.891,126.255,-626.265,8.283,-111.245,4,10.554,0.245,"Ground_80_240:(0.00, 1.00, -0.01)",0.062,0.000,-0.045,11.892,0.000,1.000,-1.255
10.820,11.903,126.493,-626.261,8.284,-111.483,4,10.462,0.245,"Ground_80_240:(0.00, 1.00, 0.00)",0.054,0.000,0.017,11.905,0.000,1.000,-1.493
10.840,11.807,126.729,-626.257,8.286,-111.719,4,10.357,0.238,"Ground_80_240:(0.00, 1.00, 0.00)",0.048,0.000,0.014,11.808,0.000,1.000,-1.729
10.860,11.830,126.965,-626.253,8.287,-111.955,4,10.248,0.227,"Ground_80_240:(0.00, 1.00, 0.00)",0.097,0.000,0.011,11.831,0.000,1.000,-1.965
10.880,11.850,127.202,-626.249,8.289,-112.192,4,10.128,0.213,"Ground_80_240:(0.00, 1.00, 0.00)",0.085,0.000,0.008,11.851,0.000,1.000,-2.202
10.900,11.867,127.439,-626.245,8.290,-112.429,4,10.007,0.196,"Ground_80_240:(0.00, 1.00, 0.00)",0.075,0.000,-0.030,11.868,0.000,1.000,-2.439
10.920,11.881,127.677,-626.241,8.292,-112.666,4,9.890,0.178,"Ground_80_240:(0.00, 1.00, 0.00)",0.067,0.000,0.004,11.882,0.000,1.000,-2.677
10.940,11.893,127.914,-626.237,8.294,-112.904,4,9.779,0.159,"Ground_80_240:(0.00, 1.00, 0.00)",0.060,0.000,0.002,11.894,0.000,1.000,-2.914
10.960,11.904,128.152,-626.234,8.295,-113.142,4,9.677,0.141,"Ground_80_240:(0.00, 1.00, 0.00)",0.053,0.000,0.001,11.905,0.000,1.000,-3.152
10.980,11.806,128.388,-626.230,8.297,-113.378,4,9.586,0.123,"Ground_80_240:(0.00, 1.00, 0.00)",0.048,0.000,-0.001,11.806,0.000,1.000,-3.388
11.000,11.828,128.625,-626.226,8.298,-113.614,4,9.508,0.106,"Ground_80_240:(0.00, 1.00, 0.00)",0.097,0.000,-0.002,11.829,0.000,1.000,-3.625
11.020,11.847,128.862,-626.222,8.299,-113.851,4,9.442,0.090,"Ground_80_240:(0.00, 1.00, 0.00)",0.086,0.000,-0.002,11.848,0.000,1.000,-3.862
11.040,11.864,129.099,-626.218,8.301,-114.088,4,9.390,0.076,"Ground_80_240:(0.00, 1.00, 0.00)",0.076,0.000,-0.003,11.864,0.000,1.000,-4.099
11.060,11.878,129.336,-626.214,8.301,-114.326,4,9.352,0.062,"Ground_80_240:(0.00, 1.00, 0.00)",0.068,0.000,-0.003,11.878,0.000,1.000,-4.336
11.080,11.890,129.574,-626.210,8.302,-114.564,4,9.327,0.051,"Ground_80_240:(0.00, 1.00, 0.00)",0.061,0.000,-0.004,11.890,0.000,1.000,-4.574
11.100,11.901,129.812,-626.206,8.303,-114.802,4,9.315,0.040,"Ground_80_240:(0.00, 1.00, 0.00)",0.055,0.000,-0.004,11.901,0.000,1.000,-4.812
11.120,11.803,130.048,-626.202,8.303,-115.038,4,9.314,0.031,"Ground_80_240:(0.00, 1.00, 0.00)",0.050,0.000,-0.004,11.803,0.000,1.000,-5.048
11.140,11.825,130.285,-626.197,8.303,-115.274,4,9.323,0.024,"Ground_80_240:(0.00, 1.00, 0.00)",0.099,0.000,-0.004,11.825,0.000,1.000,-5.285
11.160,11.844,130.522,-626.193,8.303,-115.511,4,9.342,0.017,"Ground_80_240:(0.00, 1.00, 0.00)",0.088,0.000,-0.004,11.844,0.000,1.000,-5.522
11.180,11.861,130.759,-626.189,8.303,-115.748,4,9.368,0.011,"Ground_80_240:(0.00, 1.00, 0.00)",0.078,0.000,-0.004,11.861,0.000,1.000,-5.759
11.200,11.875,130.996,-626.185,8.302,-115.986,4,9.400,0.007,"Ground_80_240:(0.00, 1.00, 0.00)",0.070,0.000,-0.003,11.875,0.000,1.000,-5.996
11.220,11.888,131.234,-626.181,8.302,-116.223,4,9.437,0.003,"Ground_80_240:(0.00, 1.00, 0.00)",0.062,0.000,-0.003,11.888,0.000,1.000,-6.234
11.240,11.899,131.472,-626.177,8.301,-116.461,4,9.476,0.000,"Ground_80_240:(0.00, 1.00, 0.00)",0.056,0.000,-0.002,11.899,0.000,1.000,-6.472
11.260,11.908,131.710,-626.172,8.300,-116.699,4,9.518,0.002,"Ground_80_240:(0.00, 1.00, 0.00)",0.051,0.000,-0.002,11.908,0.000,1.000,-6.710
11.280,11.809,131.946,-626.168,8.299,-116.936,4,9.560,0.004,"Ground_80_240:(0.00, 1.00, 0.00)",0.046,0.000,-0.002,11.809,0.000,1.000,-6.946
11.300,11.831,132.183,-626.164,8.298,-117.172,4,9.602,0.005,"Ground_80_240:(0.00, 1.00, 0.00)",0.095,0.000,-0.001,11.831,0.000,1.000,-7.183
11.320,11.849,132.420,-626.159,8.297,-117.409,4,9.642,0.005,"Ground_80_240:(0.00, 1.00, 0.00)",0.085,0.000,-0.001,11.849,0.000,1.000,-7.420
11.340,11.865,132.657,-626.155,8.296,-117.646,4,9.681,0.006,"Ground_80_240:(0.00, 1.00, 0.00)",0.075,0.000,-0.001,11.865,0.000,1.000,-7.657
11.360,11.879,132.895,-626.150,8.295,-117.884,4,9.717,0.006,"Ground_80_240:(0.00, 1.00, 0.00)",0.067,0.000,0.000,11.879,0.000,1.000,-7.895
11.380,11.891,133.133,-626.146,8.294,-118.122,4,9.750,0.006,"Ground_80_240:(0.00, 1.00, 0.00)",0.060,0.000,0.000,11.891,0.000,1.000,-8.133
11.400,11.902,133.371,-626.141,8.293,-118.360,4,9.779,0.006,"Ground_80_240:(0.00, 1.00, 0.00)",0.054,0.000,0.000,11.902,0.000,1.000,-8.371
11.420,11.804,133.607,-626.136,8.291,-118.596,4,9.805,0.006,"Ground_80_240:(0.00, 1.00, 0.00)",0.049,0.000,0.000,11.804,0.000,1.000,-8.607
11.440,11.826,133.843,-626.132,8.290,-118.832,4,9.827,0.005,"Ground_80_240:(0.00, 1.00, 0.00)",0.098,0.000,0.001,11.826,0.000,1.000,-8.843
11.460,11.845,134.080,-626.127,8.289,-119.069,4,9.846,0.005,"Ground_80_240:(0.00, 1.00, 0.00)",0.087,0.000,0.001,11.845,0.000,1.000,-9.080
11.480,11.862,134.318,-626.123,8.288,-119.306,4,9.860,0.004,"Ground_80_240:(0.00, 1.00, 0.00)",0.077,0.000,0.001,11.862,0.000,1.000,-9.318
11.500,11.876,134.555,-626.118,8.286,-119.544,4,9.287,0.004,"Ground_80_240:(0.00, 1.00, 0.00)",0.069,0.000,0.001,11.876,0.000,1.000,-9.555
11.520,11.889,134.793,-626.113,8.285,-119.782,4,9.386,0.065,"Ground_80_240:(0.00, 1.00, 0.00)",0.062,0.000,0.001,11.889,0.000,1.000,-9.793
11.540,11.900,135.031,-626.109,8.283,-120.020,4,9.466,0.115,"Ground_80_240:(0.00, 1.00, 0.00)",0.056,0.000,0.002,11.900,0.000,1.000,-10.031
11.560,11.909,135.270,-626.104,8.281,-120.258,4,9.533,0.154,"Ground_80_240:(0.00, 1.00, 0.00)",0.050,0.000,0.003,11.909,0.000,1.000,-10.269
11.580,11.811,135.506,-626.099,8.280,-120.494,4,9.591,0.185,"Ground_80_240:(0.00, 1.00, 0.00)",0.045,0.000,0.004,11.811,0.000,1.000,-10.506
11.600,11.832,135.743,-626.095,8.278,-120.731,4,9.643,0.207,"Ground_80_240:(0.00, 1.00, 0.00)",0.095,0.000,0.005,11.832,0.000,1.000,-10.743
11.620,11.851,135.980,-626.090,8.276,-120.968,4,9.688,0.224,"Ground_80_240:(0.00, 1.00, 0.00)",0.084,0.000,0.006,11.851,0.000,1.000,-10.980
11.640,11.868,136.217,-626.085,8.273,-121.206,4,9.144,0.234,"Ground_80_240:(0.00, 1.00, 0.00)",0.074,0.000,0.008,11.868,0.000,1.000,-11.217
11.660,11.882,136.455,-626.081,8.271,-121.443,4,9.310,0.179,"Ground_80_240:(0.00, 1.00, 0.00)",0.066,0.000,0.008,11.882,0.000,1.000,-11.455
11.680,11.895,136.693,-626.076,8.268,-121.681,4,9.478,0.131,"Ground_80_240:(0.00, 1.00, 0.00)",0.059,0.000,0.008,11.895,0.000,1.000,-11.693
11.700,11.905,136.931,-626.072,8.266,-121.919,4,9.641,0.091,"Ground_80_240:(0.00, 1.00, 0.00)",0.053,0.000,0.008,11.905,0.000,1.000,-11.931
11.720,11.807,137.167,-626.068,8.263,-122.155,4,9.792,0.058,"Ground_80_240:(0.00, 1.00, 0.00)",0.047,0.000,0.008,11.808,0.000,1.000,-12.167
11.740,11.830,137.404,-626.063,8.261,-122.392,4,9.930,0.031,"Ground_80_240:(0.00, 1.00, 0.00)",0.096,0.000,0.008,11.830,0.000,1.000,-12.403
11.760,11.849,137.640,-626.059,8.258,-122.628,4,10.045,0.010,"Ground_80_240:(0.00, 1.00, 0.00)",0.085,0.000,0.007,11.849,0.000,1.000,-12.640
11.780,11.866,137.878,-626.055,8.256,-122.866,4,10.139,0.007,"Ground_80_240:(0.00, 1.00, 0.00)",0.075,0.000,-0.027,11.866,0.000,1.000,-12.878
11.800,11.880,138.115,-626.051,8.253,-123.103,4,10.211,0.020,"Ground_80_240:(0.00, 1.00, 0.00)",0.067,0.000,-0.026,11.880,0.000,1.000,-13.115
11.820,11.893,138.353,-626.047,8.251,-123.341,4,10.263,0.029,"Ground_80_240:(0.00, 1.00, 0.00)",0.060,0.000,0.005,11.893,0.000,1.000,-13.353
11.840,11.904,138.591,-626.043,8.250,-123.579,4,10.295,0.035,"Ground_80_240:(0.00, 1.00, 0.00)",0.054,0.000,0.004,11.904,0.000,1.000,-13.591
11.860,11.806,138.827,-626.039,8.248,-123.815,4,10.309,0.039,"Ground_80_240:(0.00, 1.00, 0.00)",0.048,0.000,0.004,11.806,0.000,1.000,-13.827
11.880,11.828,139.063,-626.034,8.246,-124.051,4,10.307,0.041,"Ground_80_240:(0.00, 1.00, 0.00)",0.097,0.000,0.003,11.828,0.000,1.000,-14.063
11.900,11.847,139.300,-626.030,8.245,-124.288,4,10.290,0.042,"Ground_80_240:(0.00, 1.00, 0.00)",0.086,0.000,0.003,11.847,0.000,1.000,-14.300
11.920,11.864,139.538,-626.026,8.244,-124.525,4,10.262,0.041,"Ground_80_240:(0.00, 1.00, 0.00)",0.076,0.000,0.002,11.864,0.000,1.000,-14.538
11.940,11.878,139.775,-626.022,8.243,-124.763,4,10.224,0.039,"Ground_80_240:(0.00, 1.00, 0.00)",0.068,0.000,0.001,11.878,0.000,1.000,-14.775
11.960,11.891,140.013,-626.018,8.243,-125.001,4,10.180,0.037,"Ground_80_240:(0.00, 1.00, 0.00)",0.061,0.000,0.001,11.891,0.000,1.000,-15.013
11.980,11.901,140.251,-626.014,8.242,-125.238,4,10.131,0.034,"Ground_80_240:(0.00, 1.00, 0.00)",0.055,0.000,0.001,11.901,0.000,1.000,-15.251
12.000,11.804,140.487,-626.010,8.241,-125.474,4,10.080,0.031,"Ground_80_240:(0.00, 1.00, 0.00)",0.049,0.000,0.000,11.804,0.000,1.000,-15.487
12.020,11.826,140.723,-626.006,8.241,-125.711,4,10.029,0.028,"Ground_80_240:(0.00, 1.00, 0.00)",0.098,0.000,0.000,11.826,0.000,1.000,-15.723
12.040,11.845,140.960,-626.002,8.241,-125.948,4,9.978,0.025,"Ground_80_240:(0.00, 1.00, 0.00)",0.087,0.000,0.000,11.845,0.000,1.000,-15.960
12.060,11.862,141.197,-625.998,8.240,-126.185,4,9.929,0.022,"Ground_80_240:(0.00, 1.00, 0.00)",0.077,0.000,-0.001,11.862,0.000,1.000,-16.197
12.080,11.876,141.435,-625.994,8.240,-126.422,4,9.884,0.019,"Ground_80_240:(0.00, 1.00, 0.00)",0.069,0.000,-0.001,11.876,0.000,1.000,-16.435
12.100,11.889,141.673,-625.990,8.240,-126.660,4,9.842,0.016,"Ground_80_240:(0.00, 1.00, 0.00)",0.062,0.000,-0.001,11.889,0.000,1.000,-16.673
12.120,11.900,141.911,-625.986,8.239,-126.898,4,9.806,0.014,"Ground_80_240:(0.00, 1.00, 0.00)",0.056,0.000,-0.001,11.900,0.000,1.000,-16.911
12.140,11.909,142.149,-625.982,8.239,-127.136,4,9.774,0.011,"Ground_80_240:(0.00, 1.00, 0.00)",0.050,0.000,-0.001,11.909,0.000,1.000,-17.149
12.160,11.810,142.385,-625.978,8.239,-127.372,4,9.748,0.009,"Ground_80_240:(0.00, 1.00, 0.00)",0.045,0.000,-0.001,11.810,0.000,1.000,-17.385
12.180,11.831,142.622,-625.974,8.238,-127.609,4,9.726,0.007,"Ground_80_240:(0.00, 1.00, 0.00)",0.095,0.000,-0.001,11.831,0.000,1.000,-17.622
12.200,11.850,142.859,-625.970,8.238,-127.846,4,9.710,0.006,"Ground_80_240:(0.00, 1.00, 0.00)",0.084,0.000,-0.001,11.850,0.000,1.000,-17.859
12.220,11.866,143.096,-625.966,8.238,-128.083,4,9.699,0.004,"Ground_80_240:(0.00, 1.00, 0.00)",0.075,0.000,-0.001,11.866,0.000,1.000,-18.096
12.240,11.880,143.334,-625.962,8.237,-128.321,4,9.691,0.003,"Ground_80_240:(0.00, 1.00, 0.00)",0.067,0.000,-0.001,11.880,0.000,1.000,-18.334
12.260,11.892,143.571,-625.958,8.237,-128.559,4,9.688,0.002,"Ground_80_240:(0.00, 1.00, 0.00)",0.060,0.000,-0.001,11.892,0.000,1.000,-18.571
12.280,11.902,143.810,-625.954,8.236,-128.797,4,9.688,0.001,"Ground_80_240:(0.00, 1.00, 0.00)",0.054,0.000,-0.001,11.902,0.000,1.000,-18.809
12.300,11.804,144.046,-625.950,8.235,-129.033,4,9.692,0.001,"Ground_80_240:(0.00, 1.00, 0.00)",0.049,0.000,-0.001,11.804,0.000,1.000,-19.046
12.320,11.826,144.282,-625.946,8.235,-129.269,4,9.697,0.000,"Ground_80_240:(0.00, 1.00, 0.00)",0.098,0.000,-0.001,11.826,0.000,1.000,-19.282
12.340,11.846,144.519,-625.942,8.234,-129.506,4,9.705,0.000,"Ground_80_240:(0.00, 1.00, 0.00)",0.087,0.000,-0.001,11.846,0.000,1.000,-19.519
12.360,11.862,144.756,-625.937,8.233,-129.743,4,9.714,0.000,"Ground_80_240:(0.00, 1.00, 0.00)",0.077,0.000,-0.001,11.862,0.000,1.000,-19.756
12.380,11.877,144.994,-625.933,8.233,-129.981,4,9.724,0.001,"Ground_80_240:(0.00, 1.00, 0.00)",0.069,0.000,-0.001,11.877,0.000,1.000,-19.994
12.400,11.889,145.232,-625.929,8.232,-130.219,4,9.734,0.001,"Ground_80_240:(0.00, 1.00, 0.00)",0.062,0.000,-0.001,11.889,0.000,1.000,-20.232
12.420,11.900,145.470,-625.925,8.231,-130.456,4,9.745,0.001,"Ground_80_240:(0.00, 1.00, 0.00)",0.055,0.000,-0.001,11.900,0.000,1.000,-20.470
12.440,11.909,145.708,-625.921,8.230,-130.695,4,9.756,0.001,"Ground_80_240:(0.00, 1.00, 0.00)",0.050,0.000,0.000,11.909,0.000,1.000,-20.708
12.460,11.810,145.944,-625.917,8.229,-130.931,4,9.767,0.001,"Ground_80_240:(0.00, 1.00, 0.00)",0.045,0.000,0.000,11.810,0.000,1.000,-20.944
12.480,11.831,146.181,-625.913,8.228,-131.167,4,9.777,0.001,"Ground_80_240:(0.00, 1.00, 0.00)",0.095,0.000,0.000,11.831,0.000,1.000,-21.181
12.500,11.850,146.418,-625.908,8.227,-131.404,4,9.786,0.001,"Ground_80_240:(0.00, 1.00, 0.00)",0.084,0.000,0.000,11.850,0.000,1.000,-21.418
12.520,11.866,146.655,-625.904,8.226,-131.642,4,9.795,0.001,"Ground_80_240:(0.00, 1.00, 0.00)",0.075,0.000,0.000,11.866,0.000,1.000,-21.655
12.540,11.880,146.893,-625.900,8.226,-131.879,4,9.802,0.001,"Ground_80_240:(0.00, 1.00, 0.00)",0.067,0.000,0.000,11.880,0.000,1.000,-21.893
12.560,11.892,147.130,-625.896,8.225,-132.117,4,9.809,0.001,"Ground_80_240:(0.00, 1.00, 0.00)",0.060,0.000,0.000,11.892,0.000,1.000,-22.130
12.580,11.902,147.368,-625.892,8.224,-132.355,4,9.815,0.001,"Ground_80_240:(0.00, 1.00, 0.00)",0.054,0.000,0.000,11.902,0.000,1.000,-22.368
12.600,11.804,147.605,-625.887,8.223,-132.591,4,9.819,0.001,"Ground_80_240:(0.00, 1.00, 0.00)",0.049,0.000,0.000,11.804,0.000,1.000,-22.604
12.620,11.826,147.841,-625.883,8.222,-132.828,4,9.823,0.000,"Ground_80_240:(0.00, 1.00, 0.00)",0.098,0.000,0.000,11.826,0.000,1.000,-22.841
12.640,11.846,148.078,-625.879,8.221,-133.064,4,9.826,0.000,"Ground_80_240:(0.00, 1.00, 0.00)",0.087,0.000,0.000,11.846,0.000,1.000,-23.078
12.660,11.862,148.315,-625.875,8.220,-133.302,4,9.828,0.000,"Ground_80_240:(0.00, 1.00, 0.00)",0.077,0.000,0.000,11.862,0.000,1.000,-23.315
12.680,11.877,148.553,-625.870,8.219,-133.539,4,9.829,0.000,"Ground_80_240:(0.00, 1.00, 0.00)",0.069,0.000,0.000,11.877,0.000,1.000,-23.553
12.700,11.889,148.791,-625.866,8.218,-133.777,4,9.830,0.000,"Ground_80_240:(0.00, 1.00, 0.00)",0.062,0.000,0.000,11.889,0.000,1.000,-23.790
12.720,11.900,149.029,-625.862,8.217,-134.015,4,9.830,0.000,"Ground_80_240:(0.00, 1.00, 0.00)",0.055,0.000,0.000,11.900,0.000,1.000,-24.028
12.740,11.909,149.267,-625.858,8.217,-134.253,4,9.829,0.000,"Ground_80_240:(0.00, 1.00, 0.00)",0.050,0.000,0.000,11.909,0.000,1.000,-24.267
12.760,11.810,149.503,-625.853,8.216,-134.489,4,9.828,0.000,"Ground_80_240:(0.00, 1.00, 0.00)",0.045,0.000,0.000,11.810,0.000,1.000,-24.503
12.780,11.832,149.740,-625.849,8.215,-134.726,4,9.827,0.000,"Ground_80_240:(0.00, 1.00, 0.00)",0.095,0.000,0.000,11.832,0.000,1.000,-24.739
12.800,11.850,149.977,-625.845,8.214,-134.963,4,9.826,0.000,"Ground_80_240:(0.00, 1.00, 0.00)",0.084,0.000,0.000,11.850,0.000,1.000,-24.976
12.820,11.866,150.214,-625.841,8.213,-135.200,4,9.824,0.000,"Ground_80_240:(0.00, 1.00, 0.00)",0.075,0.000,0.000,11.866,0.000,1.000,-25.214
